%YAML:1.0
description: emotion
samples:
   - !!opencv-matrix
      rows: 198
      cols: 1
      dt: d
      data: [ -2.1038028573024185e+01, -2.0142911412793051e+01,
          -1.8967229227225744e+01, -1.7536507941286207e+01,
          -1.5470510157220970e+01, -1.2376114612531513e+01,
          -8.5306332127260163e+00, -4.0923924460292991e+00,
          8.8039106673179579e-01, 6.0048360400806997e+00,
          1.0300323583464230e+01, 1.3913393427287916e+01,
          1.6862415749596199e+01, 1.8730875844167237e+01,
          1.9680654099636932e+01, 2.0171003606210856e+01,
          2.0271443012696832e+01, -1.7717414647280684e+01,
          -1.5300671461123112e+01, -1.2161170828725417e+01,
          -8.7986278517808394e+00, -5.4885512693386058e+00,
          2.5988672535378785e+00, 5.5782925042385916e+00,
          8.7714738711579088e+00, 1.1972816242588735e+01,
          1.4797661753623576e+01, -5.6518495400530033e-01,
          -2.6304630739086193e-01, 3.1055300365852800e-02,
          3.1575782927223550e-01, -3.2256502769741680e+00,
          -1.3482164487159158e+00, 6.5839688802329233e-01,
          2.5300954478176028e+00, 4.2015356380254500e+00,
          -1.2864383362886652e+01, -1.0854751619902842e+01,
          -8.4339199883588432e+00, -6.2618678875516673e+00,
          -8.4512838940683075e+00, -1.0672463033978115e+01,
          4.5457090705831691e+00, 6.4829002829995872e+00,
          8.8850203139017623e+00, 1.1088317274899477e+01,
          9.0064108892624670e+00, 6.7823144448105612e+00,
          -7.9384955256469176e+00, -5.3499657879666467e+00,
          -2.3264502240670404e+00, 7.5167313679599690e-01,
          3.7403771510930701e+00, 6.7453105389118644e+00,
          9.3621701780575890e+00, 7.3618214670285491e+00,
          4.5031316290024037e+00, 1.0629982630575163e+00,
          -2.3923248711338063e+00, -5.4935128189068694e+00,
          -2.9362575435634501e+00, 8.5490133101371890e-01,
          4.5306790912415851e+00, 4.8536524793931486e+00,
          9.7850285514004565e-01, -3.0037883141727848e+00,
          -5.5204145336749848e+00, -4.3146129519839210e-01,
          4.6311522232758087e+00, 9.5462277646944838e+00,
          1.3980683551132850e+01, 1.7694572362288586e+01,
          2.0706177222527199e+01, 2.2828508540026387e+01,
          2.3338173813280768e+01, 2.2371025183706958e+01,
          1.9611150245051224e+01, 1.6044315498633274e+01,
          1.1963970939920918e+01, 7.3406498852170659e+00,
          2.3482594918390882e+00, -2.7604730242155555e+00,
          -7.8833801682746678e+00, -1.3517991851483099e+01,
          -1.5809104715843523e+01, -1.6995050965911027e+01,
          -1.7172387478811903e+01, -1.6599854632253617e+01,
          -1.7074601907012898e+01, -1.8215677035332476e+01,
          -1.8655121545315399e+01, -1.8264262552316801e+01,
          -1.6736664024375617e+01, -1.1655515127838607e+01,
          -7.9756487132067893e+00, -4.3124474756657483e+00,
          -6.4106230755308768e-01, 1.8939199863520861e+00,
          2.5331340250009573e+00, 2.7069596434730534e+00,
          2.2598114118360808e+00, 1.3429893054904714e+00,
          -9.6136528488804878e+00, -1.0912102024993157e+01,
          -1.1143452601249157e+01, -1.0159932180965868e+01,
          -9.7015724357148603e+00, -9.4673985108528846e+00,
          -1.0938741826708666e+01, -1.2263403428473335e+01,
          -1.2497926927831125e+01, -1.1570170688811702e+01,
          -1.0995118177018853e+01, -1.0874609494521929e+01,
          7.4454343424325486e+00, 5.9216193561668398e+00,
          5.1465501012170281e+00, 5.1434607376973993e+00,
          4.7295121260660133e+00, 5.0614126977637870e+00,
          6.2374069696273118e+00, 8.8689799633524231e+00,
          1.0715497203959524e+01, 1.1339830621557285e+01,
          1.1140808797582602e+01, 9.7406551245008899e+00,
          6.8344232962739353e+00, 6.7086357370352037e+00,
          6.3406762176918372e+00, 8.1944870630126925e+00,
          8.9068958838540020e+00, 8.7413417628955692e+00,
          2.1552368426619996e+01, 2.0862059994508993e+01,
          2.0440995436844592e+01, 1.8530598661456008e+01,
          1.3496798543995636e+01, 8.0661602313304765e+00,
          3.3537868319640509e+00, -9.2787353246471427e-01,
          -4.5481286453671261e+00, -9.5929583036929389e-01,
          3.3845161772730163e+00, 8.0508942927693745e+00,
          1.3452840220266358e+01, 1.8491658204633964e+01,
          2.0575704075939893e+01, 2.1068015005843129e+01,
          2.1570125065331691e+01, 2.2497134925912263e-01,
          -1.6028713049639527e+00, -2.9816187738274964e+00,
          -4.2576801876419035e+00, -5.3470343557809112e+00,
          -5.3023059304356384e+00, -4.1050392907380102e+00,
          -2.7675512508881117e+00, -1.3010423112881131e+00,
          4.9064929996549089e-01, -4.8174513542372086e+00,
          -7.9153247591444442e+00, -1.0991481809904913e+01,
          -1.3687632000186596e+01, -6.7680385055808374e+00,
          -7.5023836078252035e+00, -8.1001622936986415e+00,
          -7.4423282709280061e+00, -6.8588730403525018e+00,
          -7.2177812079597781e-01, -1.0893888965871645e+00,
          -1.3779246237834952e+00, -1.2173586496662683e+00,
          -1.1453804220965274e+00, -1.0902428810731386e+00,
          -9.4876471105056326e-01, -1.2748434824493395e+00,
          -9.5188896537301249e-01, -5.0190750837559706e-01,
          -8.5625971770639686e-01, -8.4960356943592363e-01,
          -2.5707697292093474e+00, -4.8055828346023652e+00,
          -6.4924494613637691e+00, -8.3094679909410161e+00,
          -6.3559517229189302e+00, -4.6496525817684917e+00,
          -2.3622806964619341e+00, -3.8628356884890636e+00,
          -5.0097131152959093e+00, -6.4823898221517897e+00,
          -5.0821035646501729e+00, -3.8113196196904791e+00,
          -5.3723560200959808e+00, -7.6285739456180686e+00,
          -5.2419967468121289e+00, -4.4770570301321149e+00,
          -6.3682847272016891e+00, -4.5197917557830900e+00 ]
