%YAML:1.0
description: emotion
samples:
   - !!opencv-matrix
      rows: 198
      cols: 1
      dt: d
      data: [ -2.0110156644148251e+01, -1.9580360803297410e+01,
          -1.8712173534193695e+01, -1.7327757902597988e+01,
          -1.5191716853330504e+01, -1.1916241889420231e+01,
          -7.7618141406298875e+00, -3.1119366258076111e+00,
          2.0778877442197214e+00, 7.0725217756854786e+00,
          1.1151046695120099e+01, 1.4390547887961748e+01,
          1.6709930908785843e+01, 1.8146281609346829e+01,
          1.8762808141186962e+01, 1.8763807138399496e+01,
          1.8367613628796125e+01, -1.6486121141868562e+01,
          -1.4423612123045455e+01, -1.1504716737970114e+01,
          -8.2772188935292643e+00, -5.1163726097833928e+00,
          2.5439782956756471e+00, 5.2867110987245747e+00,
          8.1903609626021048e+00, 1.0925389560447408e+01,
          1.2997787048265407e+01, -4.1375858786713599e-01,
          -2.4131347825564853e-01, -8.6296362876746247e-02,
          7.2486782181784989e-02, -3.3666102828686983e+00,
          -1.4612299903079036e+00, 5.1272076366365615e-01,
          2.3373856817157099e+00, 4.0148422239275128e+00,
          -1.1934695491969059e+01, -9.9453420385514590e+00,
          -7.3483761363143740e+00, -5.2671672272676808e+00,
          -7.4607780737052449e+00, -9.8010219682953323e+00,
          3.5298263303965909e+00, 5.3692433261447903e+00,
          7.8520210556645003e+00, 9.8694412209198852e+00,
          7.9104461519567701e+00, 5.6619706926278743e+00,
          -7.1836921675614107e+00, -5.3836379053075154e+00,
          -2.7496714110630611e+00, 4.6480540667577108e-01,
          3.6429182408073517e+00, 6.3928643514307728e+00,
          8.3259476579651750e+00, 7.0034325830832564e+00,
          4.6386571831247290e+00, 1.2628880682582708e+00,
          -2.3389645262363357e+00, -5.1392622840803126e+00,
          -3.0659765620690442e+00, 6.4155828755883504e-01,
          4.3834280552850799e+00, 4.9423637763851094e+00,
          1.1321251681778095e+00, -2.8351933211090263e+00,
          -6.8325084557060354e+00, -1.2248467530049532e+00,
          4.3448124033011934e+00, 9.6965963436237672e+00,
          1.4447452798503891e+01, 1.8270131648846526e+01,
          2.1147800922429983e+01, 2.3205885175341550e+01,
          2.3543275607779837e+01, 2.2308277885390329e+01,
          1.9358205586349072e+01, 1.5630871540901776e+01,
          1.1333520054011265e+01, 6.7358602868607358e+00,
          1.9792137318876442e+00, -2.8590814904238853e+00,
          -7.6561582466060907e+00, -1.4849204289481984e+01,
          -1.7340770247348178e+01, -1.8761408811062221e+01,
          -1.8999794748235384e+01, -1.8369559549854497e+01,
          -1.8186277598617469e+01, -1.8893841151414968e+01,
          -1.8871278175601066e+01, -1.7882680750211829e+01,
          -1.5853409180689839e+01, -1.2305219927000339e+01,
          -9.2262481718842242e+00, -6.1587314838466503e+00,
          -3.1039344885323032e+00, 5.0930984285859748e-01,
          9.3422880950178988e-01, 1.0152887746884813e+00,
          7.3827332662373935e-01, 1.1819739372231952e-01,
          -9.8103212677140181e+00, -1.1365380935457548e+01,
          -1.1412590199822683e+01, -9.8770393728482446e+00,
          -9.0195975439102227e+00, -8.8801881301584746e+00,
          -9.9326100338533401e+00, -1.1478062406519518e+01,
          -1.1724432302249772e+01, -1.0317196893097014e+01,
          -9.2477055905702752e+00, -9.2344927828334953e+00,
          8.5921858436699647e+00, 6.2197941613480658e+00,
          4.4651854286210551e+00, 4.2270294002915971e+00,
          4.1361766389742236e+00, 5.5750556088825229e+00,
          7.8648979990520997e+00, 1.0743471869094487e+01,
          1.2981736899485931e+01, 1.3762984881981383e+01,
          1.3336115683923815e+01, 1.1295971080244879e+01,
          6.5934683450502503e+00, 5.9716157533546745e+00,
          6.2096354093804091e+00, 1.0315779212725603e+01,
          1.1353678895155403e+01, 1.0712719954709646e+01,
          2.1471730444961114e+01, 2.1046261787177190e+01,
          2.0490861991180516e+01, 1.8440491622933028e+01,
          1.3520041532645344e+01, 8.0052569195601695e+00,
          3.0631405854472793e+00, -8.6105684189902121e-01,
          -4.6080947047914984e+00, -6.6331630765722183e-01,
          3.2475947584847074e+00, 8.1891941856139265e+00,
          1.3639700205955602e+01, 1.8265165981922888e+01,
          2.0244555697531673e+01, 2.0513085690963369e+01,
          2.0950151781161555e+01, 2.6647174666361034e-01,
          -1.4972773066040148e+00, -2.8464503978520308e+00,
          -4.0918678238570854e+00, -5.2775328617623529e+00,
          -5.3662167523482784e+00, -4.0872958564603517e+00,
          -2.8284339323704861e+00, -1.4685392827751469e+00,
          4.1520648183563136e-01, -4.8924130167682147e+00,
          -7.7201742960818178e+00, -1.0592235941106159e+01,
          -1.3408454165910205e+01, -6.7615796191751727e+00,
          -7.2493602361651694e+00, -7.7659902927175732e+00,
          -7.0991093503156044e+00, -6.4988778082551431e+00,
          -8.8053608643030334e-01, -1.1819270890991709e+00,
          -1.4420718469793834e+00, -7.8293797980793167e-01,
          -1.0532948023852129e+00, -1.0882716904350180e+00,
          -9.3079751422787915e-01, -1.4165738960755694e+00,
          -1.1302455788640453e+00, -7.7214880489474624e-01,
          -1.0741103570178439e+00, -1.1072560930362467e+00,
          -2.4611461233437764e+00, -4.8187268001564183e+00,
          -6.5332075553449993e+00, -8.2690495085310278e+00,
          -6.2339527678714051e+00, -4.5525593006755480e+00,
          -2.3897102155320287e+00, -3.8575811406134162e+00,
          -5.2876747999640648e+00, -6.8953897228544339e+00,
          -5.5246576316052005e+00, -4.1606603936221447e+00,
          -5.0386058462599417e+00, -7.5175600273477583e+00,
          -4.6576311635261884e+00, -4.1909037668720668e+00,
          -6.4131309836427448e+00, -4.5222057700902045e+00 ]
