%YAML:1.0
description: emotion
samples:
   - !!opencv-matrix
      rows: 198
      cols: 1
      dt: d
      data: [ -2.0256999603191630e+01, -1.9788140604294302e+01,
          -1.9044915407909293e+01, -1.7912206689464856e+01,
          -1.6079276279903144e+01, -1.3098840869190392e+01,
          -9.1627301781384904e+00, -4.5397489892091203e+00,
          6.5636739384504095e-01, 5.9199584599522401e+00,
          1.0311048710282336e+01, 1.4163337476011870e+01,
          1.7234879745928072e+01, 1.9059282520575831e+01,
          1.9863802997551549e+01, 2.0053047423173478e+01,
          1.9890352911608161e+01, -1.6539903898710492e+01,
          -1.4466243128943125e+01, -1.1763145398747287e+01,
          -8.8407923349888051e+00, -5.9512387944841558e+00,
          2.4993269249843593e+00, 5.2381654169203200e+00,
          8.2231027999174451e+00, 1.1288100370595286e+01,
          1.4123062958068374e+01, -9.0427646596696776e-01,
          -6.7656932716057305e-01, -4.3750784183498226e-01,
          -1.9055275071404026e-01, -3.5139072767339359e+00,
          -1.7260260470390769e+00, 1.6839648081531844e-01,
          2.0756169096537946e+00, 3.8337346297902988e+00,
          -1.1308690141563737e+01, -9.4772426966890926e+00,
          -7.3888620484596199e+00, -5.4661543053009343e+00,
          -7.4088425558363085e+00, -9.3594686274775256e+00,
          4.3893687402660939e+00, 6.1183099108695078e+00,
          8.2262998794257545e+00, 1.0308205456131100e+01,
          8.4490870695308455e+00, 6.4457839541100270e+00,
          -7.6524330341432449e+00, -5.3509467100267809e+00,
          -2.4452185398671396e+00, 6.9881565036745275e-01,
          3.8196472323928692e+00, 6.8501325682174716e+00,
          9.3993873164117439e+00, 7.6532054207530145e+00,
          4.9156666492833185e+00, 1.2019645230328673e+00,
          -2.4807138678092042e+00, -5.5258715112230483e+00,
          -3.2519757237190605e+00, 8.1788637662430308e-01,
          4.8649998185692631e+00, 5.2896950267340266e+00,
          1.0555402508352862e+00, -3.2912758204491652e+00,
          -5.8932719019624944e+00, -6.9700037661466130e-01,
          4.5220997495407946e+00, 9.5056104698150055e+00,
          1.3938456755226627e+01, 1.7683625256004547e+01,
          2.0626714308492790e+01, 2.2645032450231117e+01,
          2.2974402295708476e+01, 2.2142042692535007e+01,
          1.9485409881941223e+01, 1.6200316989934990e+01,
          1.2298455827350901e+01, 7.6751680997859895e+00,
          2.4452735668676553e+00, -3.0308529890679803e+00,
          -8.5064611549539109e+00, -1.3210534729179731e+01,
          -1.5368716021706406e+01, -1.6571184047075075e+01,
          -1.6889204640019965e+01, -1.6560484809736383e+01,
          -1.7223210020461977e+01, -1.8431516988684670e+01,
          -1.8967221288838775e+01, -1.8726356900561036e+01,
          -1.7404403280204182e+01, -1.1576282800041724e+01,
          -8.2262218974385259e+00, -4.8982228087616626e+00,
          -1.5599407471620337e+00, 1.2383662547457150e+00,
          1.6860653078371615e+00, 1.7363841228499126e+00,
          1.3673762406908088e+00, 5.9062432656151498e-01,
          -9.4736379280547318e+00, -1.0445673110851224e+01,
          -1.0620034562380377e+01, -9.9458560642568585e+00,
          -9.6036499292992907e+00, -9.3909101172726395e+00,
          -1.1072584981458885e+01, -1.2185035590976369e+01,
          -1.2448622130458761e+01, -1.1917823132877519e+01,
          -1.1350262871273172e+01, -1.1140074092395675e+01,
          7.8834911117127042e+00, 5.9577970322136551e+00,
          4.7885952069597240e+00, 4.5627521130876376e+00,
          4.2500798705616543e+00, 4.8985779732108448e+00,
          6.3555920394794603e+00, 9.4814067250383456e+00,
          1.1906855295519323e+01, 1.2733562731931675e+01,
          1.2521345325970049e+01, 1.0694376400093349e+01,
          6.6961330993445936e+00, 6.1238155275244779e+00,
          5.9997893316349113e+00, 9.3047225800019291e+00,
          1.0346322697686384e+01, 1.0068740723461955e+01,
          2.1184135399413780e+01, 2.0466069532372991e+01,
          2.0178586758652038e+01, 1.8388771201736855e+01,
          1.3487204974639505e+01, 8.1047284483071813e+00,
          3.2697664142289686e+00, -7.9659811602859276e-01,
          -4.4961856451143118e+00, -1.0509214626306826e+00,
          3.1968959033557200e+00, 8.0165362469677355e+00,
          1.3436977228905841e+01, 1.8403654973325153e+01,
          2.0598474273473997e+01, 2.1136428200208012e+01,
          2.1558464752857002e+01, 2.0307533121234356e-01,
          -1.6982673834752759e+00, -3.0629265530172614e+00,
          -4.3069677242438775e+00, -5.4237311396013812e+00,
          -5.2314904929746184e+00, -3.9922769014129020e+00,
          -2.6364743068181742e+00, -1.1706869976032950e+00,
          4.8598717886052006e-01, -5.1116712942822735e+00,
          -7.9582142739492880e+00, -1.0821535762706835e+01,
          -1.3383936526274418e+01, -6.5702015115427432e+00,
          -7.3028568305643766e+00, -7.9228009514462761e+00,
          -7.2964778173101994e+00, -6.8080260516871451e+00,
          -1.0733380166511810e+00, -1.2106169546025765e+00,
          -1.2843157100593121e+00, -1.0095733337582546e+00,
          -1.1476652276734840e+00, -1.2411515836409786e+00,
          -7.2399297618768022e-01, -1.1165832400230300e+00,
          -8.9102150153239612e-01, -6.0375389609519758e-01,
          -8.4244297140927049e-01, -7.5400894503936167e-01,
          -2.5782347163256807e+00, -4.7788788125963109e+00,
          -6.4650081216439235e+00, -8.2633575385921034e+00,
          -6.3374529184350505e+00, -4.6318306448585362e+00,
          -2.4041671315986135e+00, -4.0346684523059526e+00,
          -5.1927220999017463e+00, -6.6111387733328746e+00,
          -5.1932800430414829e+00, -3.8017307520723431e+00,
          -5.1050550540855113e+00, -7.4299461968207083e+00,
          -5.2025988578257998e+00, -4.5021121887661923e+00,
          -6.2900570319466595e+00, -4.3526983880780525e+00 ]
