%YAML:1.0
description: emotion
samples:
   - !!opencv-matrix
      rows: 198
      cols: 1
      dt: d
      data: [ -2.0037669080282139e+01, -1.9255211341773652e+01,
          -1.8037806162556222e+01, -1.6548710123010427e+01,
          -1.4521802368116296e+01, -1.1608256396209402e+01,
          -7.8315499447445518e+00, -3.3592014502396719e+00,
          1.7212748172374395e+00, 6.4653954712526573e+00,
          1.0427289909520752e+01, 1.3761556194708955e+01,
          1.6211285331032947e+01, 1.7582554337391436e+01,
          1.8371625089555813e+01, 1.8984459119387321e+01,
          1.9273381586422381e+01, -1.7624376430574188e+01,
          -1.5301075371386665e+01, -1.2276204783743262e+01,
          -9.1174393177875253e+00, -6.0681567067992379e+00,
          2.9009283512290622e+00, 6.0625621134396868e+00,
          9.4383078026913179e+00, 1.2832633957480839e+01,
          1.5653243228097219e+01, -1.3239838135261519e+00,
          -1.0593217840032665e+00, -7.7567952773116144e-01,
          -4.7076975983860359e-01, -3.1171072560085600e+00,
          -1.6809288961207240e+00, -1.9916174955996613e-01,
          1.4115682119257231e+00, 2.9221575808641331e+00,
          -1.3289715774609885e+01, -1.1300471647094220e+01,
          -8.7088825871436288e+00, -6.5784563861123946e+00,
          -8.7587696844262979e+00, -1.1111004761541180e+01,
          4.8566220851927300e+00, 6.7963890789491082e+00,
          9.4322623529508061e+00, 1.1752217930194570e+01,
          9.6638656997256209e+00, 7.2303370472240074e+00,
          -5.4662931110695538e+00, -3.6899710415945810e+00,
          -1.7009984513323708e+00, 6.2256573386966230e-01,
          2.9648230146960914e+00, 5.2625842300095655e+00,
          7.4817773545740902e+00, 5.7447921914193998e+00,
          3.5781601930763101e+00, 1.1245379676154923e+00,
          -1.3034064178223135e+00, -3.5824726261840101e+00,
          -1.7457350877440430e+00, 7.9559573315372556e-01,
          3.4137414707105789e+00, 3.3938640228731614e+00,
          8.1798959224506784e-01, -1.6969375368529980e+00,
          -5.2574548442278584e+00, -4.0909005047753705e-01,
          4.3871870846175804e+00, 8.8869131463210245e+00,
          1.2874220448643580e+01, 1.6379005038888597e+01,
          1.9252376945988004e+01, 2.1224716163874824e+01,
          2.1296098711963932e+01, 2.0669994492659875e+01,
          1.8449115298246440e+01, 1.5548384903753373e+01,
          1.2062926994231281e+01, 7.9143127527394892e+00,
          3.1120190400367229e+00, -2.0008408983858090e+00,
          -7.1234309163003129e+00, -1.4804183574151294e+01,
          -1.7030652178145083e+01, -1.8061899702585951e+01,
          -1.8172622112462978e+01, -1.7625064253856852e+01,
          -1.8493912441764390e+01, -1.9691640976549397e+01,
          -2.0180569066045905e+01, -1.9585583447296035e+01,
          -1.7574001400831431e+01, -1.1985091736479065e+01,
          -8.8292115921976642e+00, -5.7147911491241370e+00,
          -2.5987158388941651e+00, 1.8983678820138790e+00,
          2.1005034055449010e+00, 2.0144458479432452e+00,
          1.8042398971056688e+00, 1.3080802953975206e+00,
          -9.8048567317919986e+00, -1.1410057198504258e+01,
          -1.1562739710181223e+01, -1.0280125282896288e+01,
          -9.4990235105702059e+00, -9.2008993508647272e+00,
          -1.1369149986311868e+01, -1.3093767302467871e+01,
          -1.3344498097749129e+01, -1.2154401490053290e+01,
          -1.1149188470044370e+01, -1.0997152560929226e+01,
          1.0332008593340989e+01, 8.5379377400048249e+00,
          7.0000619078537358e+00, 6.8684537546722328e+00,
          6.5330028237247362e+00, 7.6349186291596425e+00,
          8.9690012337093918e+00, 1.0540727594939231e+01,
          1.1591243173576526e+01, 1.2003729238308189e+01,
          1.2112117985439189e+01, 1.1545377299439668e+01,
          9.2345163251387170e+00, 8.7117893188273019e+00,
          8.6718618290286500e+00, 8.9317229714595499e+00,
          9.1316401508978586e+00, 9.4717179913652814e+00,
          2.1152433478862861e+01, 2.0583297420904469e+01,
          2.0371571467996148e+01, 1.8401408442769267e+01,
          1.3653747878720839e+01, 8.1951678422855050e+00,
          3.4854609616578078e+00, -7.0843650242307732e-01,
          -4.1957050845434773e+00, -9.7811077537382951e-01,
          3.3873471820123280e+00, 8.1537175159004835e+00,
          1.3701141043353630e+01, 1.8686098843076905e+01,
          2.0838346017520664e+01, 2.1280458617038363e+01,
          2.1844427736592930e+01, 2.8694392900419718e-01,
          -1.4117108178106306e+00, -2.8948672621086362e+00,
          -4.2951214460929483e+00, -5.6144907425101493e+00,
          -5.2348395733916675e+00, -3.9290308962544325e+00,
          -2.5354511220180846e+00, -1.0887153226102844e+00,
          6.2132363014107561e-01, -5.0190622784958210e+00,
          -7.8029210341325310e+00, -1.0734122324632462e+01,
          -1.3513207571281345e+01, -6.5335168537362822e+00,
          -7.4189562611002495e+00, -8.2044366876594701e+00,
          -7.4506217977628655e+00, -6.6690281015880553e+00,
          -7.6406325365553796e-01, -9.4323683140406567e-01,
          -1.1432247534783906e+00, -1.1864753042366114e+00,
          -1.2997899053651474e+00, -1.1485533934622412e+00,
          -9.5500551725942928e-01, -9.9529436755274991e-01,
          -6.7878254639407609e-01, -3.4512044356158611e-01,
          -8.0663798183885349e-01, -1.0007804884485003e+00,
          -2.8444598640251799e+00, -5.0558269583726840e+00,
          -6.7209087340590044e+00, -8.5609947033437486e+00,
          -6.7452174793328519e+00, -5.0882750652955968e+00,
          -2.8519083103428291e+00, -4.1585342380870234e+00,
          -5.3361700690155223e+00, -6.4564002811963217e+00,
          -5.2501399875502619e+00, -4.0686715801029392e+00,
          -5.2328110673340920e+00, -7.5778903103239683e+00,
          -5.4845820442553999e+00, -4.8079351308798284e+00,
          -6.3482356919278606e+00, -4.5545022821818435e+00 ]
