%YAML:1.0
description: emotion
samples:
   - !!opencv-matrix
      rows: 198
      cols: 1
      dt: d
      data: [ -2.0328345328992093e+01, -1.9895092724119493e+01,
          -1.9050924680632718e+01, -1.7614969432104797e+01,
          -1.5349443493066280e+01, -1.2170395258924191e+01,
          -8.1935048443084177e+00, -3.5420902702713639e+00,
          1.8027914438136692e+00, 6.9272966040979247e+00,
          1.1326069893300616e+01, 1.4995135855280553e+01,
          1.7583485341420598e+01, 1.8808180346767603e+01,
          1.9284475863024465e+01, 1.9381851471211530e+01,
          1.9197746847319422e+01, -1.5443176167044900e+01,
          -1.3259813722913290e+01, -1.0612787361321235e+01,
          -7.8180604367295787e+00, -5.1101524459060954e+00,
          2.1642524951531330e+00, 5.1382160399204313e+00,
          8.2713189812559325e+00, 1.1337746962986293e+01,
          1.3943950908193830e+01, -1.3159800808863720e+00,
          -9.3680953174819792e-01, -5.4690893800532037e-01,
          -1.5334940070935993e-01, -3.4511687260860837e+00,
          -1.8111664735153290e+00, -8.6707422864450295e-02,
          1.7246840392715697e+00, 3.3929208313036407e+00,
          -1.1982768892876880e+01, -1.0199849188472975e+01,
          -8.0831792257318895e+00, -6.1923281549881173e+00,
          -8.0827022258343444e+00, -1.0058845635456908e+01,
          4.2437496790345133e+00, 6.0720086687148722e+00,
          8.2725857565046006e+00, 1.0335162374506346e+01,
          8.4142834260443120e+00, 6.3353748719578711e+00,
          -6.6283885969484215e+00, -5.0580182957889157e+00,
          -2.5965134061880049e+00, 3.8325250888556239e-01,
          3.3907400126601090e+00, 6.1547242864302421e+00,
          8.2450207225429395e+00, 6.6205717285344328e+00,
          4.1981035990053757e+00, 9.6243384772759133e-01,
          -2.2640972976096991e+00, -4.8357278680679778e+00,
          -2.9867975211739166e+00, 4.7990465402304738e-01,
          3.9925956034491428e+00, 4.2868015643855815e+00,
          7.1197467352505461e-01, -2.9144977821324769e+00,
          -5.7236690062068289e+00, -6.9162062400462743e-01,
          4.3061056170470788e+00, 9.0747518239505958e+00,
          1.3481201876435257e+01, 1.7431949202374465e+01,
          2.0735006793152586e+01, 2.3185863355692543e+01,
          2.3747439973761928e+01, 2.2849814474036211e+01,
          2.0377113734672015e+01, 1.7019188449424838e+01,
          1.2840289961096820e+01, 7.8812767706329598e+00,
          2.3831248998642542e+00, -3.2982793720100410e+00,
          -8.9573176564827151e+00, -1.4160439520568159e+01,
          -1.5964166209338414e+01, -1.6909301620130062e+01,
          -1.7149161372552101e+01, -1.6737294787897255e+01,
          -1.7661579391125866e+01, -1.8659971126581144e+01,
          -1.8912897207403862e+01, -1.8182405934567345e+01,
          -1.6395885654350117e+01, -1.1807953730774052e+01,
          -8.6846266458679615e+00, -5.5860662204690890e+00,
          -2.4924416893427646e+00, 9.2705253192766790e-01,
          1.3400808051626447e+00, 1.3942561899482744e+00,
          1.0040920341105362e+00, 2.7164671614468794e-01,
          -9.5512324399309332e+00, -1.0617500245418160e+01,
          -1.0797662667310650e+01, -1.0189572504505220e+01,
          -9.6716249376030987e+00, -9.3890402798761805e+00,
          -1.1186287832275115e+01, -1.2272237718678285e+01,
          -1.2424992696624395e+01, -1.1759470006403541e+01,
          -1.1227225139665434e+01, -1.1085485188520863e+01,
          8.6811941018409229e+00, 6.2434176349385373e+00,
          4.6213699294208501e+00, 4.3376082049925948e+00,
          4.1048363447661318e+00, 5.2947583783076517e+00,
          7.3085962496216625e+00, 1.0000635146146669e+01,
          1.2064687963514590e+01, 1.2834063704731102e+01,
          1.2627841398373011e+01, 1.1022638418700280e+01,
          6.7978616029452947e+00, 6.1420583128424440e+00,
          6.1720453081591575e+00, 9.3632171008913989e+00,
          1.0303903538381354e+01, 9.9765508613730542e+00,
          2.0834039306493025e+01, 2.0346487467487702e+01,
          2.0068569302008715e+01, 1.8064421896687335e+01,
          1.3438262866155108e+01, 8.0608661868260985e+00,
          3.2297401613828041e+00, -8.4310616100600155e-01,
          -4.4307408210325514e+00, -9.6706051320308339e-01,
          3.1753049151986374e+00, 8.0662257580904466e+00,
          1.3579562188429746e+01, 1.8565131834680756e+01,
          2.0595180687815077e+01, 2.1131217633109987e+01,
          2.1710230293180839e+01, 3.6443613103380318e-02,
          -1.6192670613496185e+00, -2.9944599500635274e+00,
          -4.3232944272791283e+00, -5.6022484036795142e+00,
          -5.2560559202719661e+00, -4.0386912355765334e+00,
          -2.7582117188912849e+00, -1.4417504708371902e+00,
          2.6780375690429503e-01, -4.9617349784211235e+00,
          -7.6972253172942020e+00, -1.0542569157380871e+01,
          -1.3265482113533418e+01, -6.5154078698749602e+00,
          -7.1671471670648028e+00, -7.7443179695930455e+00,
          -7.1617459578934684e+00, -6.5721975749829911e+00,
          -9.4455980615599389e-01, -1.1375212115221591e+00,
          -1.2962836130374535e+00, -1.1537342581559311e+00,
          -1.1958973102761254e+00, -1.1586034192493386e+00,
          -7.8427063562670973e-01, -1.1501554067666906e+00,
          -1.0003603143523538e+00, -7.6414426884482622e-01,
          -9.2220348506016103e-01, -9.0087124716852851e-01,
          -2.6112647373245417e+00, -4.6932803620993129e+00,
          -6.3210630079164147e+00, -8.0949921594662655e+00,
          -6.4343117473639406e+00, -4.7708719659751964e+00,
          -2.5402921749437453e+00, -3.9766149536403645e+00,
          -5.2812846828863309e+00, -6.5784361294386988e+00,
          -5.1964191622971985e+00, -3.9292989397935236e+00,
          -4.8439070711655425e+00, -7.4028990350192219e+00,
          -5.0608169955711713e+00, -4.5207640280028762e+00,
          -6.3034821346794283e+00, -4.2980614572511255e+00 ]
