%YAML:1.0
description: emotion
samples:
   - !!opencv-matrix
      rows: 198
      cols: 1
      dt: d
      data: [ -1.9889670976834040e+01, -1.9460393359048119e+01,
          -1.8755656926513165e+01, -1.7626483435695324e+01,
          -1.5691555623658163e+01, -1.2541168292832412e+01,
          -8.4198881668343297e+00, -3.8746683276530032e+00,
          1.1720540308479532e+00, 6.3029069985572193e+00,
          1.0670463955778507e+01, 1.4483336629845118e+01,
          1.7221314460485985e+01, 1.8657249331316425e+01,
          1.9138188238294521e+01, 1.9069250573823076e+01,
          1.8655984963259847e+01, -1.5464961566404963e+01,
          -1.3198144173720651e+01, -1.0424464707673236e+01,
          -7.4195462282718401e+00, -4.4883008137629989e+00,
          2.4483924815178848e+00, 5.1108971971503419e+00,
          7.9646489959934792e+00, 1.0717037927163187e+01,
          1.3129462450333822e+01, -5.1800532331841564e-01,
          -2.7484593527342188e-01, -4.1725422576699867e-02,
          1.7417941063182657e-01, -3.2221652427793988e+00,
          -1.4501858394963900e+00, 3.9916179096926829e-01,
          2.1280394822902915e+00, 3.7497856920010881e+00,
          -1.1535457874727937e+01, -9.7029647032828379e+00,
          -7.6240110067215712e+00, -5.9235910509152188e+00,
          -7.8340808703626674e+00, -9.7520624557610933e+00,
          4.5327567114044234e+00, 6.0411879175281058e+00,
          8.0782876968200164e+00, 9.9991447457682607e+00,
          8.3356908189599590e+00, 6.4479699483933937e+00,
          -8.4076149360019254e+00, -5.8687435731549957e+00,
          -2.8950986010968514e+00, 3.7017012978872621e-01,
          3.5915002593742504e+00, 6.6377685859707061e+00,
          9.2577743493317648e+00, 7.6406990627275100e+00,
          4.8445743024345251e+00, 9.2197377721187945e-01,
          -3.1060222691179717e+00, -6.2777303227449330e+00,
          -3.9327169388400218e+00, 4.5787463922126981e-01,
          4.8120706292100550e+00, 5.3605519261406220e+00,
          8.1089880513253398e-01, -3.9064639683092768e+00,
          -5.0370628509719610e+00, 1.6837071824098376e-01,
          5.4084722159735703e+00, 1.0196700990339245e+01,
          1.4133223390358875e+01, 1.7111894429991938e+01,
          1.9163759976207047e+01, 2.0638115402088719e+01,
          2.0524023034799605e+01, 1.9870574371144670e+01,
          1.7598189078577054e+01, 1.4790639120450026e+01,
          1.1238472442108446e+01, 7.0072393311106067e+00,
          2.1120710098771864e+00, -3.1534068295932203e+00,
          -8.3537782839088397e+00, -1.5005558715347686e+01,
          -1.7247970022355091e+01, -1.8666827388560193e+01,
          -1.9164855821457202e+01, -1.8820564623949871e+01,
          -1.9426017996366685e+01, -2.0091528617138209e+01,
          -1.9975349266365647e+01, -1.9007132828697653e+01,
          -1.7230019077118683e+01, -1.1570768092390191e+01,
          -8.3468414483864404e+00, -5.1727015437709492e+00,
          -1.9907683295832153e+00, 1.5251199754192244e+00,
          1.8843551170065780e+00, 1.8895876500649622e+00,
          1.6778247917357441e+00, 1.1162924812780923e+00,
          -9.9641823437409727e+00, -1.0941778071283551e+01,
          -1.0927399946376001e+01, -9.8411683758263848e+00,
          -9.5368040930409670e+00, -9.4757792000255829e+00,
          -1.0543285189155398e+01, -1.1844295351544297e+01,
          -1.2194339483338069e+01, -1.1454736620219961e+01,
          -1.0705338986988068e+01, -1.0514985092304743e+01,
          8.8692320038261432e+00, 6.8726401867425047e+00,
          5.4116378960563916e+00, 5.0037782314791244e+00,
          5.0061148695613555e+00, 6.0859060015488575e+00,
          7.7914406764466424e+00, 1.1241751980484370e+01,
          1.3949012368887386e+01, 1.4756292902906488e+01,
          1.4424213042577431e+01, 1.2084641168873414e+01,
          7.5275994349542241e+00, 6.7068006641838673e+00,
          7.0020580099255492e+00, 1.1288639543313943e+01,
          1.2255249385050222e+01, 1.1873503780789761e+01,
          2.1299350441137715e+01, 2.0505924766686999e+01,
          2.0277499032100792e+01, 1.8068878809101108e+01,
          1.3567897652801065e+01, 8.0680382591784117e+00,
          2.9210161273086839e+00, -9.3823378576358585e-01,
          -4.3996619348983295e+00, -7.4851577934055369e-01,
          3.1000329047380628e+00, 8.2489359100082282e+00,
          1.3716085557720929e+01, 1.8179926908030566e+01,
          2.0387429381781743e+01, 2.0577148953096696e+01,
          2.1329631144502635e+01, 1.9137429229900993e-01,
          -1.4042307816809749e+00, -2.7246393388511394e+00,
          -3.9113706106455872e+00, -5.1659986978384005e+00,
          -5.1555740361801661e+00, -3.8709909199661983e+00,
          -2.6396854966321035e+00, -1.2494112693835224e+00,
          3.6259703937510662e-01, -4.8979255949505074e+00,
          -7.6099887758100966e+00, -1.0599515266114755e+01,
          -1.3525187471296631e+01, -6.8122998997164776e+00,
          -7.2924737272429327e+00, -7.6799706432666071e+00,
          -7.2041152206768038e+00, -6.6977895327616404e+00,
          -5.3207212859162090e-01, -8.5321652277002824e-01,
          -1.3073035041195773e+00, -1.1145247239480653e+00,
          -1.1957001053764571e+00, -1.1339133983460272e+00,
          -9.8770423041405864e-01, -1.1885733653728645e+00,
          -7.6611739708914872e-01, -4.8646413781977349e-01,
          -1.0450775000321146e+00, -1.0910442387659343e+00,
          -2.7521435807837875e+00, -4.8474321529370581e+00,
          -6.4471130968612158e+00, -8.3789003071476671e+00,
          -6.3754085232803170e+00, -4.7202786866864415e+00,
          -2.5431042604089482e+00, -4.0662911460699807e+00,
          -5.1903452664952585e+00, -6.5035811039718112e+00,
          -5.3017641086541971e+00, -4.2101092366247235e+00,
          -5.1165208606748500e+00, -7.9572107208673755e+00,
          -4.9058595304243742e+00, -4.3091853210883055e+00,
          -6.4448313729973590e+00, -4.5022847809734454e+00 ]
