%YAML:1.0
description: emotion
samples:
   - !!opencv-matrix
      rows: 198
      cols: 1
      dt: d
      data: [ -2.2076479502591614e+01, -2.1333706932345848e+01,
          -2.0213997181386738e+01, -1.8709984380353422e+01,
          -1.6239707785397076e+01, -1.2574376942860965e+01,
          -8.1899628179933366e+00, -3.2831575803302337e+00,
          2.0000959825555702e+00, 6.9082349150051465e+00,
          1.1387364815627500e+01, 1.5356509100965537e+01,
          1.8287540683954042e+01, 1.9629370995812330e+01,
          2.0193102959447288e+01, 2.0641069302911699e+01,
          2.0878656553959001e+01, -1.8720898561595583e+01,
          -1.5908873848179901e+01, -1.2582751219356865e+01,
          -9.3122129813795134e+00, -6.2228551889144788e+00,
          3.7489461386994147e+00, 7.1092599053281758e+00,
          1.0703592312352997e+01, 1.4433514541865508e+01,
          1.7693720605513104e+01, -1.3652904410352087e+00,
          -1.0635078616985498e+00, -7.4052600014250780e-01,
          -3.9926832920800115e-01, -4.1608824467373946e+00,
          -2.3175884098167279e+00, -3.6153008190860614e-01,
          1.7483789674226105e+00, 3.6841559239753336e+00,
          -1.4344003225885865e+01, -1.2105642083859859e+01,
          -9.4125947353121919e+00, -7.1313600332994316e+00,
          -9.5203320189111409e+00, -1.1990058180536669e+01,
          5.9439151106793711e+00, 8.0947882808567133e+00,
          1.0853525007977597e+01, 1.3390860737159830e+01,
          1.1062085648354547e+01, 8.5070517133039321e+00,
          -9.1523007569426724e+00, -5.9617128646518420e+00,
          -2.7243098892059652e+00, 2.5710689508807882e-01,
          3.2487269052932919e+00, 6.6526846185312527e+00,
          1.0247050295633517e+01, 7.6405776052890548e+00,
          4.2585428323742001e+00, 6.4892981536870187e-01,
          -2.9532604001107785e+00, -6.4454204765686178e+00,
          -3.6242259944077722e+00, 3.5830542477875404e-01,
          4.3588301681253645e+00, 4.5925569979572094e+00,
          3.2305059250328233e-01, -3.8944870178206892e+00,
          -4.6332119760584751e+00, 1.9186503674127714e-01,
          4.9652541505846255e+00, 9.4463011166229673e+00,
          1.3335436846917169e+01, 1.6472405072495473e+01,
          1.8888056966396498e+01, 2.0431869297074940e+01,
          2.0357136413406536e+01, 1.9793705517362493e+01,
          1.8022454468881474e+01, 1.5469977898133186e+01,
          1.2044567682545942e+01, 7.6238802910463335e+00,
          2.4724169999251742e+00, -2.9689453267752475e+00,
          -8.4081236699697435e+00, -1.3827156054840112e+01,
          -1.5663685549182178e+01, -1.6128395424689732e+01,
          -1.5836438844634426e+01, -1.5010522633796402e+01,
          -1.6092915338956793e+01, -1.7591547212711969e+01,
          -1.8462467159057518e+01, -1.8266124530443335e+01,
          -1.6463735305299213e+01, -1.0587641634137109e+01,
          -7.2537275008169981e+00, -3.9658863530436368e+00,
          -6.7601151585044716e-01, 2.3646943787287475e+00,
          2.9753584071835553e+00, 3.0795222737805652e+00,
          2.6083676032425602e+00, 1.6644978525970560e+00,
          -8.8727136224857048e+00, -1.0360057025044931e+01,
          -1.0453086977636270e+01, -9.1763278915145623e+00,
          -8.6326512033793144e+00, -8.4047757668595899e+00,
          -1.0453746808124977e+01, -1.2208474589970182e+01,
          -1.2438358722154383e+01, -1.1367662293834906e+01,
          -1.0549804279984006e+01, -1.0310488187073700e+01,
          7.2190283098087740e+00, 6.1559496200406727e+00,
          5.8035736919923293e+00, 5.8529198277249463e+00,
          5.2690728888777150e+00, 5.0847193797249339e+00,
          5.4765526605969814e+00, 8.0897198936913490e+00,
          9.6915488684436113e+00, 1.0239713305890149e+01,
          1.0379995626903300e+01, 9.3923827466834968e+00,
          7.4503504502696440e+00, 7.4392270542507317e+00,
          6.7033615518935772e+00, 7.1571071473451049e+00,
          7.5440388139513921e+00, 7.9077787745056591e+00,
          2.1540080728145892e+01, 2.1030076917583489e+01,
          2.0773887255825407e+01, 1.8422773361221978e+01,
          1.3503602446461347e+01, 8.0271596953465476e+00,
          3.4439481135796255e+00, -9.3768905733170793e-01,
          -4.3848650385764145e+00, -1.0953445034578984e+00,
          3.4413551067592669e+00, 8.1778696954986323e+00,
          1.3855232338238203e+01, 1.9045934379387134e+01,
          2.1464581487005361e+01, 2.1950264104509056e+01,
          2.2594760466751449e+01, 3.6111773599224761e-01,
          -1.3048659057974572e+00, -2.8992463661494883e+00,
          -4.3536753156874930e+00, -5.6423537729678150e+00,
          -5.3530431210348999e+00, -4.1032564217156553e+00,
          -2.6325727826753864e+00, -1.0695124636869506e+00,
          5.8100839511353464e-01, -4.9753445578323481e+00,
          -7.8762387934678033e+00, -1.0999686057598275e+01,
          -1.3938734539518968e+01, -6.8078632831036705e+00,
          -7.6838451500826910e+00, -8.3862739122661658e+00,
          -7.7598134759918729e+00, -6.8331561123380107e+00,
          -4.7189204550467417e-01, -9.3831609816351635e-01,
          -1.3857647427086195e+00, -1.4024412072971169e+00,
          -1.2175475915290161e+00, -1.1086687895623419e+00,
          -1.2875674295932789e+00, -1.2311312024621708e+00,
          -7.0433522108959212e-01, -1.8160561950608656e-01,
          -8.8273775135321930e-01, -1.0783081147458278e+00,
          -2.7476625978665226e+00, -4.7587172717584449e+00,
          -6.5086972727866446e+00, -8.3538350918653599e+00,
          -6.6654308580818578e+00, -4.8570357065076832e+00,
          -2.7645370257956139e+00, -4.0038911892246425e+00,
          -5.3058152430398167e+00, -6.3754977217680198e+00,
          -5.1882257548609667e+00, -3.9833237140394031e+00,
          -5.6065719283368978e+00, -8.0056395536645297e+00,
          -5.9439462173584161e+00, -4.8914991566610437e+00,
          -6.7011374087220226e+00, -4.6243794316425815e+00 ]
