%YAML:1.0
description: emotion
samples:
   - !!opencv-matrix
      rows: 198
      cols: 1
      dt: d
      data: [ -2.1726949477602481e+01, -2.1111977148077518e+01,
          -2.0203052423643822e+01, -1.8983075302599314e+01,
          -1.6945605983098126e+01, -1.3455535147519692e+01,
          -8.9087647467706983e+00, -3.8582252772212411e+00,
          1.3909220771111803e+00, 6.5495274080544750e+00,
          1.1343578575343642e+01, 1.5541535524914009e+01,
          1.8568571574207265e+01, 1.9992424983324184e+01,
          2.0515157436703451e+01, 2.0717735043366122e+01,
          2.0633413824748903e+01, -1.8544729499154410e+01,
          -1.5980980375998897e+01, -1.2603171007756670e+01,
          -9.0537951636821443e+00, -5.6185875883062568e+00,
          3.1193130793574273e+00, 6.4523595165221712e+00,
          1.0014292879429162e+01, 1.3568157100645308e+01,
          1.6495529153561815e+01, -8.4061833428326760e-01,
          -5.9217173082753849e-01, -3.4182185720523406e-01,
          -8.8342567268015371e-02, -3.6552663034709370e+00,
          -1.7775253999963332e+00, 1.7040885160794655e-01,
          2.0873481292483924e+00, 3.8843864788405469e+00,
          -1.3952303158541586e+01, -1.1755960510817216e+01,
          -9.1631298902543268e+00, -6.7953786582008373e+00,
          -9.1458415597144995e+00, -1.1572225696959414e+01,
          5.3722223752328047e+00, 7.5807377073684972e+00,
          1.0180132988041516e+01, 1.2570735175784321e+01,
          1.0260063963251390e+01, 7.8058717177389507e+00,
          -8.7876029507138220e+00, -5.8176145947597915e+00,
          -2.6515490258851324e+00, 5.0990982186746492e-01,
          3.6147524666649504e+00, 6.8704198529980332e+00,
          1.0034930135459041e+01, 7.4675543117093746e+00,
          4.2376580282890624e+00, 8.4654087270066991e-01,
          -2.5597858423677682e+00, -5.9381680907597847e+00,
          -3.4751232030410470e+00, 6.4644561718885030e-01,
          4.7101361675959446e+00, 4.9075692361911143e+00,
          6.5708624617460487e-01, -3.6077000459259270e+00,
          -5.7135477309050788e+00, -5.3256093811344063e-01,
          4.6287919315608272e+00, 9.5785894008332519e+00,
          1.4038701860067258e+01, 1.7497718438608310e+01,
          1.9796126068414608e+01, 2.1063222228403781e+01,
          2.1039927983024814e+01, 2.0403929829427121e+01,
          1.8512299249027659e+01, 1.5692070121142656e+01,
          1.1868377178384895e+01, 7.1853040710201608e+00,
          2.0767044601005562e+00, -3.2148240037371600e+00,
          -8.4945096325518250e+00, -1.3316294386481562e+01,
          -1.5790415912090145e+01, -1.6918885755931047e+01,
          -1.6947895080633746e+01, -1.6208006488889186e+01,
          -1.6890581635096257e+01, -1.8167850229475039e+01,
          -1.8681103948022646e+01, -1.8048394590781076e+01,
          -1.5933959861846619e+01, -1.0984488841742422e+01,
          -7.8617082849968618e+00, -4.7740747705490136e+00,
          -1.6946214417898142e+00, 1.5836687993514076e+00,
          2.0290831737953243e+00, 2.0872027988901820e+00,
          1.7341952002610241e+00, 1.0017628414199142e+00,
          -8.1253307867229445e+00, -9.4413399186330871e+00,
          -9.6480874226925053e+00, -8.7427691019714029e+00,
          -8.1670127515200228e+00, -7.8897696474529928e+00,
          -9.6728556485739041e+00, -1.0948080435403755e+01,
          -1.1138681842502027e+01, -1.0186677588873323e+01,
          -9.5749682638988407e+00, -9.4755014537942852e+00,
          7.6899453765517825e+00, 6.1659719201729279e+00,
          5.3024622675693180e+00, 5.2831697405715294e+00,
          4.8207945384610289e+00, 5.1851809826012651e+00,
          6.2258579494451292e+00, 8.3516760039148821e+00,
          9.5748249370457721e+00, 9.9556782968711470e+00,
          1.0096175109811654e+01, 9.3967078714833381e+00,
          7.2236440655707925e+00, 7.1136019220284386e+00,
          6.5945284624629164e+00, 7.1451006130749537e+00,
          7.4423712918816243e+00, 7.7995562061854011e+00,
          2.1830981169507517e+01, 2.1301187358892751e+01,
          2.1014185610328063e+01, 1.8551693818348053e+01,
          1.3670033710047301e+01, 7.9759306587940406e+00,
          3.3886473838814117e+00, -8.3647519899008671e-01,
          -4.6433670769874213e+00, -8.6817399381520288e-01,
          3.4623309196752889e+00, 8.0902470490830289e+00,
          1.3820294501081202e+01, 1.8796010626752633e+01,
          2.1332130574837596e+01, 2.1692645941202393e+01,
          2.2182900689684139e+01, 2.1398797416652091e-01,
          -1.4916094411649523e+00, -2.9611626789778782e+00,
          -4.2794183575073994e+00, -5.4953228342421712e+00,
          -5.3888237546502680e+00, -4.1356723769075865e+00,
          -2.7802831242953530e+00, -1.2720296492841896e+00,
          4.7512656876192938e-01, -4.9891856371540984e+00,
          -7.8250831273008377e+00, -1.0878815242039433e+01,
          -1.3858375520471265e+01, -6.6082566825359361e+00,
          -7.4987475486695301e+00, -8.3197276358592713e+00,
          -7.5083771898809042e+00, -6.6648859984261826e+00,
          -6.8166086297280937e-01, -1.1377699275734230e+00,
          -1.4789745432855095e+00, -1.3623436560622890e+00,
          -1.2916012665953547e+00, -1.1781496729494514e+00,
          -1.2292594039332896e+00, -1.3874485942738746e+00,
          -9.8956956222174708e-01, -4.5767892353116668e-01,
          -9.8568910364740570e-01, -1.1153635340803869e+00,
          -2.8208656427078180e+00, -4.8367437150465920e+00,
          -6.5282183985155013e+00, -8.2098520628557363e+00,
          -6.5101530887604468e+00, -4.7861188913845574e+00,
          -2.7083512762294331e+00, -3.9147889117161823e+00,
          -5.2623749487326394e+00, -6.5790480497909147e+00,
          -5.2686843730293260e+00, -3.9341227912753323e+00,
          -5.5267847894967712e+00, -7.7223574038392302e+00,
          -5.5560999034686640e+00, -4.7051335827550647e+00,
          -6.6600945474074029e+00, -4.6691312949464114e+00 ]
