%YAML:1.0
description: emotion
samples:
   - !!opencv-matrix
      rows: 198
      cols: 1
      dt: d
      data: [ -1.9923551579414266e+01, -1.9245123428434752e+01,
          -1.8148936802766485e+01, -1.6621161984157840e+01,
          -1.4395396331589874e+01, -1.1338640859074360e+01,
          -7.5867086545035445e+00, -3.2344154413529353e+00,
          1.6807653731860923e+00, 6.4721301858270346e+00,
          1.0424441221998835e+01, 1.3692343562922222e+01,
          1.6075584159355635e+01, 1.7464436554737116e+01,
          1.8238462469144082e+01, 1.8652718684403339e+01,
          1.8674036756372253e+01, -1.6445795055847714e+01,
          -1.4314073139732832e+01, -1.1599043265252732e+01,
          -8.7806625722876372e+00, -6.0612577110546271e+00,
          3.8833923050136594e+00, 6.6221317876292858e+00,
          9.5301384172097947e+00, 1.2419828949257994e+01,
          1.4790373126457016e+01, -9.1926942799364442e-01,
          -6.9984577965662587e-01, -4.7330182450599012e-01,
          -2.4709016719567073e-01, -3.3681017129781976e+00,
          -1.7600142100911085e+00, -9.3598645802468572e-02,
          1.6057209021770849e+00, 3.2082014292140184e+00,
          -1.2825581082348412e+01, -1.0947142643768519e+01,
          -8.5420154645007003e+00, -6.5918759316730871e+00,
          -8.6065181553516101e+00, -1.0814932333341636e+01,
          5.3282371615976638e+00, 7.1241230011447501e+00,
          9.5519704424577014e+00, 1.1626651839273036e+01,
          9.7063596629577198e+00, 7.4708781002313662e+00,
          -4.9335395904762187e+00, -3.7061343355837755e+00,
          -1.9467190345912257e+00, 3.0023983087028427e-01,
          2.5484228368247943e+00, 4.5560199597948117e+00,
          6.1179449523953711e+00, 4.8008757830095456e+00,
          2.9749187435276689e+00, 7.3333981618295785e-01,
          -1.5302947565953122e+00, -3.4945567950164760e+00,
          -1.6131083040155150e+00, 4.2942708667359364e-01,
          2.5070694877915005e+00, 2.4323780008743920e+00,
          4.7567751876802999e-01, -1.5060099844175623e+00,
          -4.3687285164444507e+00, 4.1892371328506434e-01,
          5.1565028448660151e+00, 9.6314959978272459e+00,
          1.3634839795091043e+01, 1.7083329129112176e+01,
          1.9933185544727490e+01, 2.1965082230353794e+01,
          2.2174332945383121e+01, 2.1194771168233498e+01,
          1.8571744180208277e+01, 1.5230031306071741e+01,
          1.1307119429615417e+01, 6.8499668301047869e+00,
          1.9453727611978902e+00, -3.1716795097054504e+00,
          -8.2787377460892220e+00, -1.5639756122710606e+01,
          -1.7495099927901592e+01, -1.8310683976267022e+01,
          -1.8338825371769293e+01, -1.7763611623092149e+01,
          -1.8695099939768401e+01, -1.9699679096881045e+01,
          -2.0075376428615510e+01, -1.9510962699127461e+01,
          -1.7779823649829332e+01, -1.1247531739046140e+01,
          -8.2719096923043445e+00, -5.3265370374622423e+00,
          -2.3888046939234702e+00, 1.2594808388205996e+00,
          1.5505037639220685e+00, 1.5588829109701061e+00,
          1.3087584217460955e+00, 7.9513532831205103e-01,
          -1.0145390080288823e+01, -1.1556677267104329e+01,
          -1.1702538144992602e+01, -1.0544740413952718e+01,
          -9.7218559234267889e+00, -9.4900534833505077e+00,
          -1.1533863884401010e+01, -1.2997717055632844e+01,
          -1.3159365821103952e+01, -1.2025816843806469e+01,
          -1.1110249259306967e+01, -1.1006293887311536e+01,
          1.0299973071056169e+01, 8.1302652943575016e+00,
          6.3738463093524524e+00, 6.3285067214144624e+00,
          6.0371980030462327e+00, 7.5300308172529258e+00,
          9.4579089066785897e+00, 1.1181758808538170e+01,
          1.2387921447299561e+01, 1.2856932385543685e+01,
          1.2747735505071876e+01, 1.1836746570100859e+01,
          8.9052390704353979e+00, 8.4642114306550464e+00,
          8.5885136610051394e+00, 9.3478450317244697e+00,
          9.6612369444345578e+00, 9.6522230726632365e+00,
          2.1012493666247842e+01, 2.0498516868707867e+01,
          2.0270160027422712e+01, 1.8152478481448252e+01,
          1.3346378001848077e+01, 7.9430181309165597e+00,
          3.2210389411703413e+00, -9.0307836309937628e-01,
          -4.3930541503554634e+00, -7.9265070741446642e-01,
          3.3885896893741072e+00, 8.1893339754880241e+00,
          1.3657107003891127e+01, 1.8539278120645086e+01,
          2.0654811331621037e+01, 2.0933713064969801e+01,
          2.1491565931788799e+01, 3.5880702340136850e-01,
          -1.3449846073075971e+00, -2.7543979875605364e+00,
          -4.1237900950748623e+00, -5.4393277097658137e+00,
          -5.3564366890353510e+00, -4.0490214084160066e+00,
          -2.6361028112295930e+00, -1.1928664372044964e+00,
          5.0857123842042984e-01, -4.8445037480226967e+00,
          -7.6453219800340069e+00, -1.0572596020343955e+01,
          -1.3328231751336510e+01, -6.4555351920432873e+00,
          -7.2775445555699090e+00, -8.0255771992959080e+00,
          -7.2740372714034960e+00, -6.3888362478388263e+00,
          -7.6422384549137734e-01, -8.8345904001681608e-01,
          -1.0066460830880946e+00, -9.4667608926359581e-01,
          -1.1164367046826251e+00, -1.0209176542192893e+00,
          -9.0676329174199133e-01, -8.9258837818736270e-01,
          -7.4164702241848923e-01, -6.4273511011284579e-01,
          -9.1347151997652432e-01, -1.0666741844182190e+00,
          -2.8946247401852210e+00, -5.0778650834636654e+00,
          -6.6260279249880751e+00, -8.4260451713387816e+00,
          -6.6705487558089001e+00, -5.0678217341091347e+00,
          -2.8198898411299673e+00, -4.0965294428351067e+00,
          -5.3204472705931183e+00, -6.6391045008320040e+00,
          -5.3275318927493371e+00, -4.1731811083081736e+00,
          -5.0915193977573141e+00, -7.4955374776053869e+00,
          -5.1486708887497965e+00, -4.5996672767706688e+00,
          -6.3974080072009070e+00, -4.5931931712453604e+00 ]
