%YAML:1.0
description: "fuck!"
samples:
   - !!opencv-matrix
      rows: 198
      cols: 1
      dt: d
      data: [ -1.9750700545804722e+01, -1.8934254192606542e+01,
          -1.7714667218343607e+01, -1.6152223128343902e+01,
          -1.3896048754143976e+01, -1.0870758384954401e+01,
          -7.2228950359782491e+00, -2.9302423720955906e+00,
          2.0500260465103985e+00, 6.7789296497960683e+00,
          1.0671912166996764e+01, 1.3781018456796824e+01,
          1.5964868018191785e+01, 1.7111308337368559e+01,
          1.7726095745735826e+01, 1.8186658996468051e+01,
          1.8335531344426897e+01, -1.6857253929922482e+01,
          -1.4633017550504157e+01, -1.1862344889770895e+01,
          -9.0107158471333637e+00, -6.2724792723099920e+00,
          3.7139438689604471e+00, 6.4985623600323468e+00,
          9.4501939313442165e+00, 1.2403321644197204e+01,
          1.4899998401972550e+01, -1.0337814944474661e+00,
          -6.9394709015949774e-01, -3.4800281506645359e-01,
          -1.7898714008818678e-03, -3.7479345315498813e+00,
          -1.9029053360238590e+00, 4.9370580677396553e-02,
          2.0437260908290988e+00, 3.8671575852265634e+00,
          -1.3011079577539881e+01, -1.1038860540770425e+01,
          -8.4906558346516636e+00, -6.4583456393338121e+00,
          -8.6070795642337270e+00, -1.0905542749739245e+01,
          4.8974819160701317e+00, 6.7620749730368228e+00,
          9.3409410409229192e+00, 1.1558914678232730e+01,
          9.5304853400128682e+00, 7.1882470417310325e+00,
          -6.3499337338640007e+00, -4.3732745397476123e+00,
          -2.0869825446352048e+00, 3.5883646010917092e-01,
          2.7830290895533731e+00, 5.2323016215565623e+00,
          7.4960839940820723e+00, 5.8355220430760379e+00,
          3.5014692544914410e+00, 7.3941469710512908e-01,
          -2.0627981749636417e+00, -4.5207258523247162e+00,
          -2.2751245126238402e+00, 4.4276101700707304e-01,
          3.1659525054109028e+00, 3.2741918651830435e+00,
          4.9082715718188896e-01, -2.3099690647370705e+00,
          -4.5928030422672146e+00, 1.6973856180078911e-01,
          4.8780364612841289e+00, 9.3192123964720857e+00,
          1.3260634569191415e+01, 1.6752565218172240e+01,
          1.9816236412636858e+01, 2.2097839857406175e+01,
          2.2362791190721001e+01, 2.1519865911887457e+01,
          1.9001717551842681e+01, 1.5690972187565240e+01,
          1.1836637027699561e+01, 7.4355448923782577e+00,
          2.5201305552987581e+00, -2.6201148247975481e+00,
          -7.7434864303138138e+00, -1.5673316757889197e+01,
          -1.7491319420578613e+01, -1.8275748296296285e+01,
          -1.8318788275119093e+01, -1.7767809972263027e+01,
          -1.8637820848335402e+01, -1.9625870778098403e+01,
          -1.9997043785624349e+01, -1.9503059514917407e+01,
          -1.7868123723409052e+01, -1.1879986753826801e+01,
          -8.3695858979379167e+00, -4.8932928130001558e+00,
          -1.4174990485300243e+00, 1.9176113766698195e+00,
          2.4384505718435436e+00, 2.5204529431690208e+00,
          2.1345173686406635e+00, 1.3387240423727309e+00,
          -1.0361032674174682e+01, -1.1935442256187317e+01,
          -1.2010984839129684e+01, -1.0591350214798469e+01,
          -9.8729881010625373e+00, -9.6577938514795250e+00,
          -1.1476815280511371e+01, -1.3246677654444026e+01,
          -1.3490681339487793e+01, -1.2231477291050515e+01,
          -1.1248359969132938e+01, -1.1087152261920401e+01,
          9.3066967838450214e+00, 7.7534506033543957e+00,
          6.6799862786217741e+00, 6.7008793355422167e+00,
          6.3331864415140586e+00, 7.1020297941667057e+00,
          8.3142636859812349e+00, 1.0495791337146310e+01,
          1.1988499056424702e+01, 1.2525337763873017e+01,
          1.2400592178026169e+01, 1.1225627571332755e+01,
          8.7347093797470379e+00, 8.4529086460709681e+00,
          8.3268015356830691e+00, 9.2438114490574268e+00,
          9.6555392438352197e+00, 9.6347718263921411e+00,
          2.1067209426913049e+01, 2.0531543579497658e+01,
          2.0269814765821042e+01, 1.8270402691410204e+01,
          1.3515198564534421e+01, 8.0730290615270288e+00,
          3.2839666571159540e+00, -8.9965090102083156e-01,
          -4.2759876571213091e+00, -9.4337874107010755e-01,
          3.2814811109396347e+00, 8.1868631674961669e+00,
          1.3781292545936600e+01, 1.8667235872609837e+01,
          2.0645321119071621e+01, 2.1000994641121608e+01,
          2.1699283031785136e+01, 4.4411715167779908e-01,
          -1.2693701096362795e+00, -2.7581692204586763e+00,
          -4.1607468573787427e+00, -5.4590537152404623e+00,
          -5.2912958428998618e+00, -3.9984440949352411e+00,
          -2.5882085514005402e+00, -1.1164689762004385e+00,
          6.1120312664477916e-01, -4.8113430031144544e+00,
          -7.7377410069710830e+00, -1.0770267843006215e+01,
          -1.3575058461021055e+01, -6.7774173285779931e+00,
          -7.4995431518476412e+00, -8.0729042106641788e+00,
          -7.5072668142918833e+00, -6.6666649088812164e+00,
          -5.8264778241827764e-01, -8.5664160127813227e-01,
          -1.1800831841705040e+00, -1.1081002478338664e+00,
          -1.1276747399906122e+00, -1.0065632939317992e+00,
          -9.8113916848383942e-01, -1.0295095596067825e+00,
          -7.2225510249689240e-01, -4.7345013603086911e-01,
          -8.9628977802362786e-01, -1.0444104722549674e+00,
          -2.6628012969228454e+00, -4.8907763465405489e+00,
          -6.5755257507588425e+00, -8.5104654144664575e+00,
          -6.6891991744684329e+00, -4.9590750027927362e+00,
          -2.6864689861653792e+00, -4.0835837481755615e+00,
          -5.2751104872648886e+00, -6.4645039921061125e+00,
          -5.2015457509156171e+00, -4.1068904919943074e+00,
          -5.1994480446028506e+00, -7.8059680126368551e+00,
          -5.3276969427433762e+00, -4.6812114224409660e+00,
          -6.4578091728703484e+00, -4.5630171483013058e+00 ]
