%YAML:1.0
description: "eatshit"
samples:
   - !!opencv-matrix
      rows: 198
      cols: 1
      dt: d
      data: [ -2.0721269835147314e+01, -2.0028881799792824e+01,
          -1.9012469151288354e+01, -1.7708785688686827e+01,
          -1.5742881159026279e+01, -1.2660887431127648e+01,
          -8.6510956316274044e+00, -3.9226506111658646e+00,
          1.2334145899244671e+00, 6.4233308970682090e+00,
          1.0918704993953124e+01, 1.4598055693786192e+01,
          1.7287917891941504e+01, 1.8737110998144594e+01,
          1.9434357450240469e+01, 1.9794462847598954e+01,
          1.9796456386989828e+01, -1.7440778113480881e+01,
          -1.5219903318539977e+01, -1.2255857723068999e+01,
          -9.1318854898012169e+00, -6.0666515087707937e+00,
          3.0934620415188436e+00, 6.1488192790420442e+00,
          9.3808471064497780e+00, 1.2622324446171389e+01,
          1.5314869510660255e+01, -9.2939988577283006e-01,
          -6.8326077840501331e-01, -4.3574497019405356e-01,
          -1.8332420810020050e-01, -3.9065878778866674e+00,
          -1.9209839126182746e+00, 1.8973441827495213e-01,
          2.2790861702651650e+00, 4.1660700874753100e+00,
          -1.3411686451002332e+01, -1.1460266968884730e+01,
          -8.9741246122722806e+00, -6.7245811925602359e+00,
          -8.8674266721307315e+00, -1.1175403715203029e+01,
          5.2262417242988732e+00, 7.3078146095816585e+00,
          9.8117226922735519e+00, 1.1995270794397106e+01,
          9.8383778138006885e+00, 7.4907965659274467e+00,
          -6.4913347724411219e+00, -4.6281415469589078e+00,
          -2.1468440831390287e+00, 6.1694361965760214e-01,
          3.3534534733248726e+00, 5.9922515488258368e+00,
          8.1403415429948094e+00, 6.0795360328535271e+00,
          3.5848117448734689e+00, 9.2954868504774690e-01,
          -1.6878965514244175e+00, -4.2671475058364470e+00,
          -2.0567887978369148e+00, 7.5150987481901976e-01,
          3.5360713085971849e+00, 3.5350454685135855e+00,
          7.5193045012177051e-01, -2.0409107473739034e+00,
          -5.7093993683460287e+00, -6.1014055135522549e-01,
          4.4436795807158882e+00, 9.4363022471391211e+00,
          1.4199662181447600e+01, 1.8317030565997637e+01,
          2.1551695613902105e+01, 2.3619852544685784e+01,
          2.4113935763052588e+01, 2.3099350540551495e+01,
          2.0442671079183413e+01, 1.6723788823385274e+01,
          1.2245690902703213e+01, 7.1782695687888527e+00,
          1.8944109478127478e+00, -3.4377356524400966e+00,
          -8.7841769702264987e+00, -1.3440845066341085e+01,
          -1.5494648354789302e+01, -1.6383213898944962e+01,
          -1.6390128190457240e+01, -1.5826391634284052e+01,
          -1.6415836426308996e+01, -1.7593980214721764e+01,
          -1.8166777626648067e+01, -1.7799563921614958e+01,
          -1.6109697233596826e+01, -1.1769538899716352e+01,
          -8.6743846715194231e+00, -5.5944156771047151e+00,
          -2.5264436542049244e+00, 9.9343728513883900e-01,
          1.6335050965270204e+00, 1.8094466956980146e+00,
          1.2999803186386929e+00, 3.3869751572392925e-01,
          -9.1980030603570420e+00, -1.0648100245614234e+01,
          -1.0940916941805121e+01, -1.0080087293131516e+01,
          -9.2765654221004450e+00, -8.9289061814340016e+00,
          -1.1042501032304397e+01, -1.2270853215024331e+01,
          -1.2363277972848445e+01, -1.1281967032776848e+01,
          -1.0638634290518375e+01, -1.0610287228502868e+01,
          8.4368688015152511e+00, 6.4473887013760551e+00,
          5.2155132426245681e+00, 5.2716147816202943e+00,
          4.7863528134107014e+00, 5.6084398506144737e+00,
          7.2394876008403450e+00, 8.7929540956118633e+00,
          9.6756882029883098e+00, 1.0033827642982837e+01,
          1.0090773482213249e+01, 9.6552837307971089e+00,
          7.2392701431179720e+00, 7.1502755910836004e+00,
          6.7874880774863149e+00, 7.1422928539192592e+00,
          7.4922085033651893e+00, 7.6003775828263782e+00,
          2.1402599669316338e+01, 2.0932231455694648e+01,
          2.0566118678935627e+01, 1.8503952695927214e+01,
          1.3556935861594356e+01, 7.9473483589211327e+00,
          3.3862389211211785e+00, -8.7895702360903571e-01,
          -4.6017921259906478e+00, -8.7777350949007182e-01,
          3.4970232173367228e+00, 8.0672886782948794e+00,
          1.3707792423194128e+01, 1.8734098301312148e+01,
          2.0921903904026188e+01, 2.1390466803463344e+01,
          2.1729754441374936e+01, 1.2098741968316243e-01,
          -1.6145479009257606e+00, -3.0150164730014057e+00,
          -4.3993306691278002e+00, -5.6376857752617475e+00,
          -5.5909820655825557e+00, -4.2866355035828008e+00,
          -2.8462858013779706e+00, -1.3887405573356162e+00,
          3.1317564391138958e-01, -4.9495473916281103e+00,
          -7.8141967134414818e+00, -1.0753150837054163e+01,
          -1.3512144665426799e+01, -6.4448325781279063e+00,
          -7.3632744842138260e+00, -8.1875413587888541e+00,
          -7.3536342296445998e+00, -6.5534032118107586e+00,
          -9.5128985125016974e-01, -1.2024227088375161e+00,
          -1.2899679371978965e+00, -1.1468547614520319e+00,
          -1.1741090444107669e+00, -1.1050897953863585e+00,
          -1.0046611462235946e+00, -1.2282567449454218e+00,
          -1.0554998152338464e+00, -7.0577716533839419e-01,
          -8.9482421448833283e-01, -9.6851385356558195e-01,
          -2.7079222237352663e+00, -4.8017447770252017e+00,
          -6.5166549175270720e+00, -8.1737094093189224e+00,
          -6.4348814128267593e+00, -4.6928892942872089e+00,
          -2.5532616114729776e+00, -3.8376411324846202e+00,
          -5.1879472206427959e+00, -6.6643178052848846e+00,
          -5.2339548994529048e+00, -3.8036686154823403e+00,
          -5.2308372965716652e+00, -7.2671924024454828e+00,
          -5.2670492319131519e+00, -4.6105131940952724e+00,
          -6.4338855586378516e+00, -4.5630011419928778e+00 ]
