%YAML:1.0
description: emotion
samples:
   - !!opencv-matrix
      rows: 198
      cols: 1
      dt: d
      data: [ -2.1698703039026963e+01, -2.1117045381843894e+01,
          -2.0229231224789842e+01, -1.9004576987545310e+01,
          -1.6949617628277085e+01, -1.3461803853358685e+01,
          -8.9185315555961502e+00, -3.8620174222631820e+00,
          1.4048676735333179e+00, 6.5662745907856612e+00,
          1.1386782123783570e+01, 1.5614768679627728e+01,
          1.8649023304975888e+01, 2.0046249570882331e+01,
          2.0544817772798275e+01, 2.0729470737615536e+01,
          2.0635101568004341e+01, -1.8472020695293260e+01,
          -1.5939547023462017e+01, -1.2589088252537744e+01,
          -9.0637182131140346e+00, -5.6524677029642794e+00,
          3.0590023303180489e+00, 6.4232097064431475e+00,
          1.0013799429909113e+01, 1.3590521053121446e+01,
          1.6522255230723697e+01, -9.1646023969270518e-01,
          -6.4785221968071893e-01, -3.7536083803020359e-01,
          -9.8953309052264848e-02, -3.6907484214297042e+00,
          -1.8130302698378196e+00, 1.3288645899401635e-01,
          2.0678085167839213e+00, 3.8838148903797518e+00,
          -1.3951559129443396e+01, -1.1754106212621524e+01,
          -9.1370358543811285e+00, -6.7555855149302690e+00,
          -9.1132256961239442e+00, -1.1556271661846626e+01,
          5.2755187591879347e+00, 7.5005913172323835e+00,
          1.0136534738696524e+01, 1.2557561083580543e+01,
          1.0227918487629619e+01, 7.7425017821290414e+00,
          -8.6422703586562157e+00, -5.7514256803820523e+00,
          -2.6309583614784571e+00, 5.1340165438328278e-01,
          3.6077115385586409e+00, 6.8427155711300784e+00,
          9.9703623027240127e+00, 7.4082139852540463e+00,
          4.2038109931017118e+00, 8.4903635714745240e-01,
          -2.5054164514597024e+00, -5.8347508377572632e+00,
          -3.4316101433734190e+00, 6.4672099672074168e-01,
          4.6744363173492021e+00, 4.8514368117956126e+00,
          6.4873355995636695e-01, -3.5580192107293138e+00,
          -5.7172115828177485e+00, -5.7062181924455313e-01,
          4.5564822699886713e+00, 9.4705755411289747e+00,
          1.3915181830370502e+01, 1.7395943111469592e+01,
          1.9728808614250241e+01, 2.1030339922518877e+01,
          2.1031547046643951e+01, 2.0430789115555655e+01,
          1.8597414632704197e+01, 1.5819382247457517e+01,
          1.2007475940680754e+01, 7.3010778011032258e+00,
          2.1462425865883419e+00, -3.1957000996265692e+00,
          -8.5245295073350391e+00, -1.3255600796212203e+01,
          -1.5728456318184817e+01, -1.6862637132670272e+01,
          -1.6908991356851342e+01, -1.6193060007186805e+01,
          -1.6931248326038425e+01, -1.8215737367728543e+01,
          -1.8726469891246808e+01, -1.8067042075956870e+01,
          -1.5911876100797038e+01, -1.1009990997535212e+01,
          -7.8891446646774348e+00, -4.8036634526645710e+00,
          -1.7268682692261983e+00, 1.5700480555946303e+00,
          2.0048465330932972e+00, 2.0533504008326142e+00,
          1.6954604726880136e+00, 9.5965450713145417e-01,
          -8.0788771802311299e+00, -9.4368829926303484e+00,
          -9.6432218863086163e+00, -8.7182319709859595e+00,
          -8.1173480629958412e+00, -7.8270601351305817e+00,
          -9.6786382290333037e+00, -1.1008126637166090e+01,
          -1.1207959958695120e+01, -1.0235753142299149e+01,
          -9.5897638898022972e+00, -9.4788322003719152e+00,
          7.7881262910933735e+00, 6.2007380598665778e+00,
          5.2869961538716037e+00, 5.2574238536929778e+00,
          4.7928798063169955e+00, 5.2030867775019098e+00,
          6.2910572260938382e+00, 8.3754665648527276e+00,
          9.5691007841745659e+00, 9.9441834374178910e+00,
          1.0100518034356915e+01, 9.4408968518427567e+00,
          7.2403811611009425e+00, 7.1040112698679465e+00,
          6.5964211445623739e+00, 7.1334517342925006e+00,
          7.4238328080009044e+00, 7.7964776005411807e+00,
          2.1773562007571929e+01, 2.1259054142687507e+01,
          2.0998142937219686e+01, 1.8537065422183016e+01,
          1.3668514441369002e+01, 7.9918263922217587e+00,
          3.4082924742281118e+00, -8.1416114683913099e-01,
          -4.6212436280112783e+00, -8.8237477042809176e-01,
          3.4502339517663283e+00, 8.0794692084685593e+00,
          1.3810260461950213e+01, 1.8823136006003011e+01,
          2.1361913849108163e+01, 2.1734733913679015e+01,
          2.2223725429248045e+01, 2.0516772851828349e-01,
          -1.5055029793298567e+00, -2.9742985356310987e+00,
          -4.2960193662111674e+00, -5.5205075952719111e+00,
          -5.3733135617619343e+00, -4.1231758769480766e+00,
          -2.7750021906675277e+00, -1.2799598752697701e+00,
          4.7503975326288972e-01, -5.0014024074707768e+00,
          -7.8234106713974558e+00, -1.0866946914602389e+01,
          -1.3838832855583904e+01, -6.5957302231775179e+00,
          -7.4883215878073521e+00, -8.3097193110828744e+00,
          -7.5067799862701836e+00, -6.6727512322341145e+00,
          -6.9939013504596492e-01, -1.1488188723236681e+00,
          -1.4807993434005935e+00, -1.3644119063396258e+00,
          -1.3036080997243684e+00, -1.1894655408320369e+00,
          -1.1896528734265748e+00, -1.3824368457853418e+00,
          -9.9751298281912115e-01, -4.6846698496801731e-01,
          -9.8037483718142493e-01, -1.0992965688007181e+00,
          -2.8228851584556947e+00, -4.8302689653650956e+00,
          -6.5188571913841526e+00, -8.2022032624026089e+00,
          -6.5292502316615062e+00, -4.8080219381257780e+00,
          -2.7213751233702106e+00, -3.9309484482438455e+00,
          -5.2911217469579199e+00, -6.5875195050119295e+00,
          -5.2711583402443560e+00, -3.9235465403578069e+00,
          -5.4938076674493246e+00, -7.6953259660254894e+00,
          -5.5690549859836374e+00, -4.7332741093914645e+00,
          -6.6480424878036812e+00, -4.6496781626986108e+00 ]
