%YAML:1.0
shape: !!opencv-matrix
   rows: 132
   cols: 1
   dt: d
   data: [ 1.8446304389621568e+02, 1.8574463395302791e+02,
       1.8869952137721984e+02, 1.9310936291694256e+02,
       1.9995364846561694e+02, 2.1022906032350974e+02,
       2.2351705044154019e+02, 2.3941116717253414e+02,
       2.5813438675521326e+02, 2.7772490149386897e+02,
       2.9446926723273572e+02, 3.0891093373394887e+02,
       3.2050996265558348e+02, 3.2866286011043348e+02,
       3.3404788444063456e+02, 3.3767156032201450e+02,
       3.3967585237264541e+02, 1.9923728977838283e+02,
       2.0807775418916728e+02, 2.1906399157211706e+02,
       2.3029240532693021e+02, 2.4100117920373609e+02,
       2.8087442453907505e+02, 2.9206412912754786e+02,
       3.0370366303824301e+02, 3.1493517285256524e+02,
       3.2378147203971679e+02, 2.5970897086117645e+02,
       2.5910388091112924e+02, 2.5851530802601962e+02,
       2.5795359855216816e+02, 2.4551920561967589e+02,
       2.5166254546574160e+02, 2.5816995790567267e+02,
       2.6496705240097924e+02, 2.7142740780933485e+02,
       2.1290084928815912e+02, 2.2019848832462344e+02,
       2.2914261951865177e+02, 2.3603587146875876e+02,
       2.2835066033162019e+02, 2.2010874746063385e+02,
       2.8553847134409278e+02, 2.9259290538154681e+02,
       3.0156842052592094e+02, 3.0870656452454841e+02,
       3.0134868736221995e+02, 2.9309790366624645e+02,
       2.3682074732024239e+02, 2.4206218442602997e+02,
       2.4930645360883707e+02, 2.5796425284128878e+02,
       2.6711659763062471e+02, 2.7453262397638719e+02,
       2.8006782934874821e+02, 2.7425403521735512e+02,
       2.6669808325068396e+02, 2.5782437014752310e+02,
       2.4932584645934526e+02, 2.4204877268231786e+02,
       2.5111577859978598e+02, 2.5795789023476812e+02,
       2.6531176219363044e+02, 2.6480992696666885e+02,
       2.5797111954989083e+02, 2.5155084722529841e+02,
       1.9918764759301573e+02, 2.1863830525056454e+02,
       2.3783084060254649e+02, 2.5750564319074653e+02,
       2.7749845819263879e+02, 2.9582705884562733e+02,
       3.1146301177315382e+02, 3.2374114409834874e+02,
       3.2875141874445421e+02, 3.2377661134694131e+02,
       3.1153473724562622e+02, 2.9607112356157228e+02,
       2.7785308548859609e+02, 2.5788720285331988e+02,
       2.3811498146664113e+02, 2.1876182346246404e+02,
       1.9908156196655315e+02, 1.7008215651153932e+02,
       1.6453792656425446e+02, 1.6303685094761045e+02,
       1.6482821891149547e+02, 1.6895581371360811e+02,
       1.6917230514728169e+02, 1.6543878166528594e+02,
       1.6408199491690738e+02, 1.6625256926608159e+02,
       1.7247752625959180e+02, 1.9663003885237117e+02,
       2.1008698304415941e+02, 2.2351050775550465e+02,
       2.3677066536656179e+02, 2.4547250827448426e+02,
       2.4787320896635183e+02, 2.4913397485963583e+02,
       2.4815030257105181e+02, 2.4601373419940268e+02,
       1.9331173668972014e+02, 1.8874882355937643e+02,
       1.8890828781117128e+02, 1.9368992752321941e+02,
       1.9646790472725087e+02, 1.9654288866703791e+02,
       1.9428805469551162e+02, 1.8971495175630980e+02,
       1.8994114639818156e+02, 1.9485177531362814e+02,
       1.9775231402908821e+02, 1.9739180418496869e+02,
       2.7871199758329215e+02, 2.7227318901714449e+02,
       2.6690959523770687e+02, 2.6881173370228487e+02,
       2.6718925524938544e+02, 2.7278715415313155e+02,
       2.7935698296813973e+02, 2.8604179220156232e+02,
       2.9056313180089228e+02, 2.9249331140452756e+02,
       2.9036793386143472e+02, 2.8567640180595430e+02,
       2.7601817716644342e+02, 2.7668431914380051e+02,
       2.7624009951969907e+02, 2.7801810037837510e+02,
       2.7974006878193569e+02, 2.7786972645738950e+02 ]
tri: !!opencv-matrix
   rows: 91
   cols: 3
   dt: i
   data: [ 20, 21, 23, 21, 22, 23, 0, 1, 36, 15, 16, 45, 0, 17, 36, 16,
       26, 45, 17, 18, 37, 25, 26, 44, 17, 36, 37, 26, 44, 45, 18, 19,
       38, 24, 25, 43, 18, 37, 38, 25, 43, 44, 19, 20, 38, 23, 24, 43,
       20, 21, 39, 22, 23, 42, 20, 38, 39, 23, 42, 43, 21, 22, 27, 21,
       27, 39, 22, 27, 42, 27, 28, 42, 27, 28, 39, 28, 42, 47, 28, 39,
       40, 1, 36, 41, 15, 45, 46, 1, 2, 41, 14, 15, 46, 28, 29, 40, 28,
       29, 47, 2, 40, 41, 14, 46, 47, 2, 29, 40, 14, 29, 47, 2, 3, 29,
       13, 14, 29, 29, 30, 31, 29, 30, 35, 3, 29, 31, 13, 29, 35, 30, 32,
       33, 30, 33, 34, 30, 31, 32, 30, 34, 35, 3, 4, 31, 12, 13, 35, 4,
       5, 48, 11, 12, 54, 5, 6, 48, 10, 11, 54, 6, 48, 59, 10, 54, 55, 6,
       7, 59, 9, 10, 55, 7, 58, 59, 9, 55, 56, 8, 57, 58, 8, 56, 57, 7,
       8, 58, 8, 9, 56, 4, 31, 48, 12, 35, 54, 31, 48, 49, 35, 53, 54,
       31, 49, 50, 35, 52, 53, 31, 32, 50, 34, 35, 52, 32, 33, 50, 33,
       34, 52, 33, 50, 51, 33, 51, 52, 48, 49, 60, 49, 60, 50, 50, 60,
       61, 50, 51, 61, 51, 52, 61, 61, 62, 52, 52, 53, 62, 53, 54, 62,
       54, 55, 63, 55, 56, 63, 56, 63, 64, 56, 57, 64, 64, 65, 57, 57,
       58, 65, 58, 59, 65, 48, 59, 65 ]
