%YAML:1.0
shape: !!opencv-matrix
   rows: 132
   cols: 1
   dt: d
   data: [ 1.8184506699599967e+02, 1.8303269496568490e+02,
       1.8592409155114262e+02, 1.9026123445588104e+02,
       1.9700384666231395e+02, 2.0718260376192111e+02,
       2.2045726493947444e+02, 2.3639620945895143e+02,
       2.5513616870424391e+02, 2.7497484197450842e+02,
       2.9206558454201530e+02, 3.0682618042548097e+02,
       3.1846399073464340e+02, 3.2634834577410078e+02,
       3.3140884524824696e+02, 3.3469783384470429e+02,
       3.3644215802641565e+02, 1.9564715152431580e+02,
       2.0427574080936171e+02, 2.1503232465633505e+02,
       2.2604780531931178e+02, 2.3654648755546904e+02,
       2.7645101096312152e+02, 2.8774185410100870e+02,
       2.9949573982235938e+02, 3.1084082410029868e+02,
       3.1982342773850320e+02, 2.5520648974018826e+02,
       2.5460292590410955e+02, 2.5401471278976669e+02,
       2.5346041650678913e+02, 2.4117899223159142e+02,
       2.4734708104767452e+02, 2.5387314569250833e+02,
       2.6082589349036709e+02, 2.6746196999561556e+02,
       2.0896535586792533e+02, 2.1648536944559928e+02,
       2.2562257160074529e+02, 2.3273603639125602e+02,
       2.2481981583402478e+02, 2.1638031661510337e+02,
       2.8094138357406717e+02, 2.8819939715367235e+02,
       2.9743066353729773e+02, 3.0491833699407340e+02,
       2.9732551515593082e+02, 2.8882127716170004e+02,
       2.3292191571503781e+02, 2.3790269369064299e+02,
       2.4512155536877657e+02, 2.5383615035741332e+02,
       2.6323376051918177e+02, 2.7093182842414996e+02,
       2.7665624419949194e+02, 2.7072285712393659e+02,
       2.6303759621779136e+02, 2.5390354857338642e+02,
       2.4528225124024209e+02, 2.3803145389758527e+02,
       2.4650609789961248e+02, 2.5388587572226760e+02,
       2.6204717231134038e+02, 2.6157613550392347e+02,
       2.5392347140805745e+02, 2.4688318930837423e+02,
       2.0036535801171510e+02, 2.1971393001085295e+02,
       2.3880466287237255e+02, 2.5836580638507974e+02,
       2.7823302765678994e+02, 2.9648846235785805e+02,
       3.1202076450238053e+02, 3.2412203419741525e+02,
       3.2894688451482909e+02, 3.2403759612488193e+02,
       3.1205573791586528e+02, 2.9669825500726762e+02,
       2.7834757748870385e+02, 2.5809398384174426e+02,
       2.3795634672398899e+02, 2.1821289837146790e+02,
       1.9816581897709355e+02, 1.7229739751228948e+02,
       1.6680049998399997e+02, 1.6526393782044408e+02,
       1.6692632676224378e+02, 1.7090009750435860e+02,
       1.7067728172514370e+02, 1.6691418028108262e+02,
       1.6555431543955501e+02, 1.6780831949582296e+02,
       1.7411860750268528e+02, 1.9784789754744293e+02,
       2.1146451927809744e+02, 2.2505322809310434e+02,
       2.3848370461859903e+02, 2.4686015921418550e+02,
       2.4920950961410620e+02, 2.5039929298867523e+02,
       2.4940908476488050e+02, 2.4724140257634684e+02,
       1.9528315501113366e+02, 1.9072487500885524e+02,
       1.9094485581246124e+02, 1.9572330086923250e+02,
       1.9837535852220086e+02, 1.9849566677907927e+02,
       1.9590809170377366e+02, 1.9118934015998431e+02,
       1.9133371952351391e+02, 1.9617330523818907e+02,
       1.9909709083672732e+02, 1.9881621196626719e+02,
       2.7944282714455863e+02, 2.7271529364291274e+02,
       2.6729269642960298e+02, 2.6908382285755198e+02,
       2.6750879744667822e+02, 2.7312330390575431e+02,
       2.7986288895789573e+02, 2.8673937176379417e+02,
       2.9152533692679674e+02, 2.9352782747891649e+02,
       2.9142576668738235e+02, 2.8655217847582225e+02,
       2.7622853222667612e+02, 2.7676796080729434e+02,
       2.7640081562807381e+02, 2.7922983315576391e+02,
       2.8112009778067784e+02, 2.7911852952592216e+02 ]
tri: !!opencv-matrix
   rows: 91
   cols: 3
   dt: i
   data: [ 20, 21, 23, 21, 22, 23, 0, 1, 36, 15, 16, 45, 0, 17, 36, 16,
       26, 45, 17, 18, 37, 25, 26, 44, 17, 36, 37, 26, 44, 45, 18, 19,
       38, 24, 25, 43, 18, 37, 38, 25, 43, 44, 19, 20, 38, 23, 24, 43,
       20, 21, 39, 22, 23, 42, 20, 38, 39, 23, 42, 43, 21, 22, 27, 21,
       27, 39, 22, 27, 42, 27, 28, 42, 27, 28, 39, 28, 42, 47, 28, 39,
       40, 1, 36, 41, 15, 45, 46, 1, 2, 41, 14, 15, 46, 28, 29, 40, 28,
       29, 47, 2, 40, 41, 14, 46, 47, 2, 29, 40, 14, 29, 47, 2, 3, 29,
       13, 14, 29, 29, 30, 31, 29, 30, 35, 3, 29, 31, 13, 29, 35, 30, 32,
       33, 30, 33, 34, 30, 31, 32, 30, 34, 35, 3, 4, 31, 12, 13, 35, 4,
       5, 48, 11, 12, 54, 5, 6, 48, 10, 11, 54, 6, 48, 59, 10, 54, 55, 6,
       7, 59, 9, 10, 55, 7, 58, 59, 9, 55, 56, 8, 57, 58, 8, 56, 57, 7,
       8, 58, 8, 9, 56, 4, 31, 48, 12, 35, 54, 31, 48, 49, 35, 53, 54,
       31, 49, 50, 35, 52, 53, 31, 32, 50, 34, 35, 52, 32, 33, 50, 33,
       34, 52, 33, 50, 51, 33, 51, 52, 48, 49, 60, 49, 60, 50, 50, 60,
       61, 50, 51, 61, 51, 52, 61, 61, 62, 52, 52, 53, 62, 53, 54, 62,
       54, 55, 63, 55, 56, 63, 56, 63, 64, 56, 57, 64, 64, 65, 57, 57,
       58, 65, 58, 59, 65, 48, 59, 65 ]
