%YAML:1.0
shape: !!opencv-matrix
   rows: 132
   cols: 1
   dt: d
   data: [ 1.8185345475262244e+02, 1.8297525413482009e+02,
       1.8582034610613852e+02, 1.9011225486006055e+02,
       1.9682546037600326e+02, 2.0689412088006665e+02,
       2.2002662635966522e+02, 2.3589943934114842e+02,
       2.5467984499030311e+02, 2.7462858882847792e+02,
       2.9186345792598456e+02, 3.0671983876835748e+02,
       3.1837038363340014e+02, 3.2613727057850440e+02,
       3.3110037958570581e+02, 3.3436793815534435e+02,
       3.3612588697044373e+02, 1.9533918611538908e+02,
       2.0404850560206890e+02, 2.1480347319954990e+02,
       2.2573303485070650e+02, 2.3609444417640782e+02,
       2.7581190180228651e+02, 2.8721453235744912e+02,
       2.9911375743514117e+02, 3.1065659528700530e+02,
       3.1982982562535301e+02, 2.5457789600152870e+02,
       2.5402098420573338e+02, 2.5347853863855036e+02,
       2.5296843267998719e+02, 2.4072904121622895e+02,
       2.4686321403394416e+02, 2.5332904730645123e+02,
       2.6027835982586311e+02, 2.6694932122100693e+02,
       2.0779219004128853e+02, 2.1564996935599129e+02,
       2.2520512406005838e+02, 2.3258913571176370e+02,
       2.2431988369684495e+02, 2.1551290690485146e+02,
       2.8014624991769119e+02, 2.8771734171923441e+02,
       2.9741740571572700e+02, 3.0530960496024744e+02,
       2.9736736932857099e+02, 2.8844709129453616e+02,
       2.3239167075547573e+02, 2.3752602527503723e+02,
       2.4475764662029212e+02, 2.5334912535939893e+02,
       2.6266964858905578e+02, 2.7045967162903167e+02,
       2.7646706468430114e+02, 2.7048348802772296e+02,
       2.6265186691532250e+02, 2.5338250649940613e+02,
       2.4468340429868277e+02, 2.3738894381600505e+02,
       2.4558075466722002e+02, 2.5337360910380869e+02,
       2.6199814953625923e+02, 2.6156855729780773e+02,
       2.5338882541157705e+02, 2.4586624407259430e+02,
       2.0001344327751676e+02, 2.1929528776745269e+02,
       2.3832792416923058e+02, 2.5775764333259866e+02,
       2.7739751906436402e+02, 2.9555161387969417e+02,
       3.1113803832278973e+02, 3.2332461343071401e+02,
       3.2814859039283772e+02, 3.2348719805495273e+02,
       3.1173040524160626e+02, 2.9651721027365437e+02,
       2.7828566482973224e+02, 2.5803033758949135e+02,
       2.3769350935314304e+02, 2.1764922888052774e+02,
       1.9732374919813660e+02, 1.7111569791252612e+02,
       1.6573250899441746e+02, 1.6440792219867456e+02,
       1.6616763519526131e+02, 1.7021530597182203e+02,
       1.6984640683251791e+02, 1.6595250336689671e+02,
       1.6450107994430260e+02, 1.6669635019380013e+02,
       1.7310199459783988e+02, 1.9699349428223022e+02,
       2.1058931242624573e+02, 2.2415490434424137e+02,
       2.3757436509196211e+02, 2.4613387595221803e+02,
       2.4836531274551953e+02, 2.4946180675743611e+02,
       2.4854431801035824e+02, 2.4647438920863064e+02,
       1.9455526854739918e+02, 1.8974998561495130e+02,
       1.9006803422422192e+02, 1.9520375712528568e+02,
       1.9785997663591155e+02, 1.9796226528469217e+02,
       1.9529961052492803e+02, 1.9017102375796199e+02,
       1.9024945131936815e+02, 1.9530573343644085e+02,
       1.9842400305140961e+02, 1.9818603129335378e+02,
       2.7852446045914724e+02, 2.7193491120268487e+02,
       2.6670837443928360e+02, 2.6850117825420898e+02,
       2.6692689485959056e+02, 2.7234678333159280e+02,
       2.7888076951278254e+02, 2.8603988527096584e+02,
       2.9097029271239876e+02, 2.9294547225436247e+02,
       2.9087384672591111e+02, 2.8587590166043412e+02,
       2.7567243843984693e+02, 2.7625955868699918e+02,
       2.7585191384396592e+02, 2.7842232667660801e+02,
       2.8020899980302249e+02, 2.7828972018397775e+02 ]
tri: !!opencv-matrix
   rows: 91
   cols: 3
   dt: i
   data: [ 20, 21, 23, 21, 22, 23, 0, 1, 36, 15, 16, 45, 0, 17, 36, 16,
       26, 45, 17, 18, 37, 25, 26, 44, 17, 36, 37, 26, 44, 45, 18, 19,
       38, 24, 25, 43, 18, 37, 38, 25, 43, 44, 19, 20, 38, 23, 24, 43,
       20, 21, 39, 22, 23, 42, 20, 38, 39, 23, 42, 43, 21, 22, 27, 21,
       27, 39, 22, 27, 42, 27, 28, 42, 27, 28, 39, 28, 42, 47, 28, 39,
       40, 1, 36, 41, 15, 45, 46, 1, 2, 41, 14, 15, 46, 28, 29, 40, 28,
       29, 47, 2, 40, 41, 14, 46, 47, 2, 29, 40, 14, 29, 47, 2, 3, 29,
       13, 14, 29, 29, 30, 31, 29, 30, 35, 3, 29, 31, 13, 29, 35, 30, 32,
       33, 30, 33, 34, 30, 31, 32, 30, 34, 35, 3, 4, 31, 12, 13, 35, 4,
       5, 48, 11, 12, 54, 5, 6, 48, 10, 11, 54, 6, 48, 59, 10, 54, 55, 6,
       7, 59, 9, 10, 55, 7, 58, 59, 9, 55, 56, 8, 57, 58, 8, 56, 57, 7,
       8, 58, 8, 9, 56, 4, 31, 48, 12, 35, 54, 31, 48, 49, 35, 53, 54,
       31, 49, 50, 35, 52, 53, 31, 32, 50, 34, 35, 52, 32, 33, 50, 33,
       34, 52, 33, 50, 51, 33, 51, 52, 48, 49, 60, 49, 60, 50, 50, 60,
       61, 50, 51, 61, 51, 52, 61, 61, 62, 52, 52, 53, 62, 53, 54, 62,
       54, 55, 63, 55, 56, 63, 56, 63, 64, 56, 57, 64, 64, 65, 57, 57,
       58, 65, 58, 59, 65, 48, 59, 65 ]
