%YAML:1.0
shape: !!opencv-matrix
   rows: 132
   cols: 1
   dt: d
   data: [ 1.8167440124735018e+02, 1.8283121672955750e+02,
       1.8572074134921826e+02, 1.9005438868340968e+02,
       1.9679276989187082e+02, 2.0684530452884897e+02,
       2.1993782238337943e+02, 2.3573668202160630e+02,
       2.5447014239526445e+02, 2.7440512072076132e+02,
       2.9162995172874059e+02, 3.0648270165191087e+02,
       3.1814091438000145e+02, 3.2597614178498662e+02,
       3.3101890512423807e+02, 3.3435807182891551e+02,
       3.3618003298703030e+02, 1.9527865403173453e+02,
       2.0402779220901596e+02, 2.1477477076407962e+02,
       2.2570035319332385e+02, 2.3606692715511019e+02,
       2.7578288632777350e+02, 2.8716501383503635e+02,
       2.9902017509661840e+02, 3.1049905670501010e+02,
       3.1965140606201641e+02, 2.5456533601214977e+02,
       2.5398426493993466e+02, 2.5341386101747443e+02,
       2.5287519830793778e+02, 2.4059767294327162e+02,
       2.4674378049710378e+02, 2.5323556825243386e+02,
       2.6019686170461608e+02, 2.6686767751799755e+02,
       2.0764741165036713e+02, 2.1548357591741706e+02,
       2.2495936350706035e+02, 2.3229818650461735e+02,
       2.2406490330645383e+02, 2.1531896799140617e+02,
       2.8021995321534297e+02, 2.8776233822658378e+02,
       2.9737204401852046e+02, 3.0520297092282033e+02,
       2.9730284819506630e+02, 2.8845673666102397e+02,
       2.3221398940967669e+02, 2.3719104233910693e+02,
       2.4444512894988037e+02, 2.5315743547808037e+02,
       2.6261323547330920e+02, 2.7039868129131401e+02,
       2.7620750652481848e+02, 2.7023752798375330e+02,
       2.6245104695458213e+02, 2.5315606054133417e+02,
       2.4443203494773712e+02, 2.3720069757652681e+02,
       2.4537374349862796e+02, 2.5317000818204153e+02,
       2.6181829669508335e+02, 2.6135816816554978e+02,
       2.5319061196535151e+02, 2.4569761015708755e+02,
       1.9983562326792855e+02, 2.1912483361938627e+02,
       2.3816046355149294e+02, 2.5762360780905829e+02,
       2.7733327558907331e+02, 2.9556290322686306e+02,
       3.1122048621806590e+02, 3.2351069183642585e+02,
       3.2843578414405818e+02, 3.2374205292229169e+02,
       3.1194735145015801e+02, 2.9667936178257770e+02,
       2.7838476855948363e+02, 2.5811414524945928e+02,
       2.3783099737541838e+02, 2.1787697466857477e+02,
       1.9762776667570341e+02, 1.7118496243628829e+02,
       1.6589853502408354e+02, 1.6460340435168217e+02,
       1.6637676730405809e+02, 1.7042356709130354e+02,
       1.7020189950863210e+02, 1.6640343231791331e+02,
       1.6501739219968749e+02, 1.6722679286258136e+02,
       1.7354181752074919e+02, 1.9696258979241202e+02,
       2.1071708371581900e+02, 2.2444316097942053e+02,
       2.3801920930128557e+02, 2.4630579738007876e+02,
       2.4860875227400629e+02, 2.4975971934628643e+02,
       2.4881934452785208e+02, 2.4670532166947336e+02,
       1.9449203074251835e+02, 1.8981150572301604e+02,
       1.9012331284828517e+02, 1.9513170472804373e+02,
       1.9770663961990090e+02, 1.9780729537394888e+02,
       1.9540400368878602e+02, 1.9045643133301792e+02,
       1.9058422973815522e+02, 1.9556236786953383e+02,
       1.9854182740898625e+02, 1.9825483789633378e+02,
       2.7892552133334755e+02, 2.7211219834698215e+02,
       2.6671657394608820e+02, 2.6850204722357699e+02,
       2.6699266975779989e+02, 2.7262915524594820e+02,
       2.7943624565661287e+02, 2.8654244609301236e+02,
       2.9149907442829675e+02, 2.9350530780135352e+02,
       2.9134141155171659e+02, 2.8625823130408611e+02,
       2.7561360859060846e+02, 2.7615141366459420e+02,
       2.7584530821805697e+02, 2.7909243068358114e+02,
       2.8101116337247549e+02, 2.7890461805522415e+02 ]
tri: !!opencv-matrix
   rows: 91
   cols: 3
   dt: i
   data: [ 20, 21, 23, 21, 22, 23, 0, 1, 36, 15, 16, 45, 0, 17, 36, 16,
       26, 45, 17, 18, 37, 25, 26, 44, 17, 36, 37, 26, 44, 45, 18, 19,
       38, 24, 25, 43, 18, 37, 38, 25, 43, 44, 19, 20, 38, 23, 24, 43,
       20, 21, 39, 22, 23, 42, 20, 38, 39, 23, 42, 43, 21, 22, 27, 21,
       27, 39, 22, 27, 42, 27, 28, 42, 27, 28, 39, 28, 42, 47, 28, 39,
       40, 1, 36, 41, 15, 45, 46, 1, 2, 41, 14, 15, 46, 28, 29, 40, 28,
       29, 47, 2, 40, 41, 14, 46, 47, 2, 29, 40, 14, 29, 47, 2, 3, 29,
       13, 14, 29, 29, 30, 31, 29, 30, 35, 3, 29, 31, 13, 29, 35, 30, 32,
       33, 30, 33, 34, 30, 31, 32, 30, 34, 35, 3, 4, 31, 12, 13, 35, 4,
       5, 48, 11, 12, 54, 5, 6, 48, 10, 11, 54, 6, 48, 59, 10, 54, 55, 6,
       7, 59, 9, 10, 55, 7, 58, 59, 9, 55, 56, 8, 57, 58, 8, 56, 57, 7,
       8, 58, 8, 9, 56, 4, 31, 48, 12, 35, 54, 31, 48, 49, 35, 53, 54,
       31, 49, 50, 35, 52, 53, 31, 32, 50, 34, 35, 52, 32, 33, 50, 33,
       34, 52, 33, 50, 51, 33, 51, 52, 48, 49, 60, 49, 60, 50, 50, 60,
       61, 50, 51, 61, 51, 52, 61, 61, 62, 52, 52, 53, 62, 53, 54, 62,
       54, 55, 63, 55, 56, 63, 56, 63, 64, 56, 57, 64, 64, 65, 57, 57,
       58, 65, 58, 59, 65, 48, 59, 65 ]
