%YAML:1.0
shape: !!opencv-matrix
   rows: 132
   cols: 1
   dt: d
   data: [ 2.0820183806848860e+02, 2.1123406529587407e+02,
       2.1555613300127618e+02, 2.2198317844583474e+02,
       2.3124271767490987e+02, 2.4333834645260055e+02,
       2.5803652403673067e+02, 2.7457869268783571e+02,
       2.9338404674926517e+02, 3.0894921263711808e+02,
       3.1999455090401358e+02, 3.2776927384065601e+02,
       3.3295764413700198e+02, 3.3636798069693577e+02,
       3.3817523011110700e+02, 3.3830162245637422e+02,
       3.3687323427023796e+02, 2.2427373361090736e+02,
       2.3180834218105048e+02, 2.4159359516102506e+02,
       2.5201191678623240e+02, 2.6217410215404789e+02,
       2.9465861285615603e+02, 3.0261813939869836e+02,
       3.1120415417776547e+02, 3.1986870097140485e+02,
       3.2706026010143688e+02, 2.8003113075848734e+02,
       2.8172139526124437e+02, 2.8336334796403736e+02,
       2.8498534914018848e+02, 2.7341795126562977e+02,
       2.7920799985042134e+02, 2.8522055082512520e+02,
       2.9053963897177914e+02, 2.9528087165716153e+02,
       2.3845125320067274e+02, 2.4534099315616783e+02,
       2.5324591244288209e+02, 2.6022882070045466e+02,
       2.5308813728141314e+02, 2.4555535334639245e+02,
       2.9705030526126916e+02, 3.0343215232712583e+02,
       3.1114920850949136e+02, 3.1834438430940747e+02,
       3.1169909863789138e+02, 3.0429825362582881e+02,
       2.6691212403469626e+02, 2.6984975494183823e+02,
       2.7671161619733641e+02, 2.8661995511764968e+02,
       2.9528741758951730e+02, 3.0247258682574750e+02,
       3.0591842282943753e+02, 3.0531517432519644e+02,
       3.0091541889525996e+02, 2.9110835299380147e+02,
       2.7940786674977073e+02, 2.7161549423248749e+02,
       2.7675470256866458e+02, 2.8717311557749133e+02,
       2.9645947489823834e+02, 2.9891391054575558e+02,
       2.8974479687274368e+02, 2.7844075296103028e+02,
       2.0441334324638777e+02, 2.2332768328574534e+02,
       2.4203541420331683e+02, 2.5982451225004212e+02,
       2.7587626120679124e+02, 2.8972854054411005e+02,
       3.0114654285308279e+02, 3.0934146245996197e+02,
       3.1037211700096492e+02, 3.0415428049301312e+02,
       2.9139906796520000e+02, 2.7647567034931927e+02,
       2.6062196609802101e+02, 2.4435692767940404e+02,
       2.2750955739633034e+02, 2.1032905483593416e+02,
       1.9324181742115366e+02, 1.8374393364777575e+02,
       1.7678399972100692e+02, 1.7335471397484187e+02,
       1.7325594712872484e+02, 1.7529426280080375e+02,
       1.7258138816267484e+02, 1.6902856901084306e+02,
       1.6723078922866631e+02, 1.6833006595784161e+02,
       1.7313942068822166e+02, 1.8765746744989343e+02,
       1.9885647079412104e+02, 2.0998869939723645e+02,
       2.2109294323854698e+02, 2.3133175283492682e+02,
       2.3260505856734912e+02, 2.3270543571459362e+02,
       2.3140644185802350e+02, 2.2900286548491937e+02,
       1.9705398688647239e+02, 1.9356590133836687e+02,
       1.9238260436184959e+02, 1.9410371734125715e+02,
       1.9656163962559594e+02, 1.9777503390443846e+02,
       1.9061008088010584e+02, 1.8781138848811264e+02,
       1.8722584881362883e+02, 1.8933297271608691e+02,
       1.9144084244482542e+02, 1.9166928555760006e+02,
       2.6248622759774037e+02, 2.5313654543642497e+02,
       2.4577367142513307e+02, 2.4457059732613016e+02,
       2.4361833495325934e+02, 2.4930389229420274e+02,
       2.5824447490682707e+02, 2.6983066493704172e+02,
       2.8021557737490349e+02, 2.8475923558412995e+02,
       2.8271941827974797e+02, 2.7364075710196101e+02,
       2.5305482821980195e+02, 2.5004391088593121e+02,
       2.5078241055152964e+02, 2.6890134274558477e+02,
       2.7491394731355211e+02, 2.7128741791035895e+02 ]
tri: !!opencv-matrix
   rows: 91
   cols: 3
   dt: i
   data: [ 20, 21, 23, 21, 22, 23, 0, 1, 36, 15, 16, 45, 0, 17, 36, 16,
       26, 45, 17, 18, 37, 25, 26, 44, 17, 36, 37, 26, 44, 45, 18, 19,
       38, 24, 25, 43, 18, 37, 38, 25, 43, 44, 19, 20, 38, 23, 24, 43,
       20, 21, 39, 22, 23, 42, 20, 38, 39, 23, 42, 43, 21, 22, 27, 21,
       27, 39, 22, 27, 42, 27, 28, 42, 27, 28, 39, 28, 42, 47, 28, 39,
       40, 1, 36, 41, 15, 45, 46, 1, 2, 41, 14, 15, 46, 28, 29, 40, 28,
       29, 47, 2, 40, 41, 14, 46, 47, 2, 29, 40, 14, 29, 47, 2, 3, 29,
       13, 14, 29, 29, 30, 31, 29, 30, 35, 3, 29, 31, 13, 29, 35, 30, 32,
       33, 30, 33, 34, 30, 31, 32, 30, 34, 35, 3, 4, 31, 12, 13, 35, 4,
       5, 48, 11, 12, 54, 5, 6, 48, 10, 11, 54, 6, 48, 59, 10, 54, 55, 6,
       7, 59, 9, 10, 55, 7, 58, 59, 9, 55, 56, 8, 57, 58, 8, 56, 57, 7,
       8, 58, 8, 9, 56, 4, 31, 48, 12, 35, 54, 31, 48, 49, 35, 53, 54,
       31, 49, 50, 35, 52, 53, 31, 32, 50, 34, 35, 52, 32, 33, 50, 33,
       34, 52, 33, 50, 51, 33, 51, 52, 48, 49, 60, 49, 60, 50, 50, 60,
       61, 50, 51, 61, 51, 52, 61, 61, 62, 52, 52, 53, 62, 53, 54, 62,
       54, 55, 63, 55, 56, 63, 56, 63, 64, 56, 57, 64, 64, 65, 57, 57,
       58, 65, 58, 59, 65, 48, 59, 65 ]
