%YAML:1.0
description: emotion
samples:
   - !!opencv-matrix
      rows: 198
      cols: 1
      dt: d
      data: [ -1.9601453967133811e+01, -1.8966308919149839e+01,
          -1.7941264625373446e+01, -1.6418679629612662e+01,
          -1.4310348003924378e+01, -1.1389263060561362e+01,
          -7.6530265349078626e+00, -3.2432658906718572e+00,
          1.9371171985718605e+00, 6.8852858082438448e+00,
          1.0604327828751016e+01, 1.3484859554116865e+01,
          1.5638665370589154e+01, 1.7224155446915088e+01,
          1.8101856407150933e+01, 1.8347375224575444e+01,
          1.8158418211601461e+01, -1.6505026362732664e+01,
          -1.4361800435016765e+01, -1.1582495714717712e+01,
          -8.6589193552230928e+00, -5.8251739881349556e+00,
          3.7131813557171309e+00, 6.2049441840327964e+00,
          8.8680781510327922e+00, 1.1517373726117810e+01,
          1.3713137581501050e+01, -6.7719249719453967e-01,
          -5.5031517819326292e-01, -4.2895993977299035e-01,
          -2.9898523702803792e-01, -3.2203163099505190e+00,
          -1.5985599547647493e+00, 1.1056635369252178e-01,
          1.7387226562012679e+00, 3.2170484037018174e+00,
          -1.2610912882664270e+01, -1.0541156744628330e+01,
          -8.2161358974191749e+00, -6.1835428808195880e+00,
          -8.3241038627543205e+00, -1.0544030537695257e+01,
          4.6212538418645703e+00, 6.5286636071756741e+00,
          8.8022034448304662e+00, 1.0876027833618966e+01,
          8.8938273376199035e+00, 6.7181998143034845e+00,
          -5.1296749442776468e+00, -4.3522617533884533e+00,
          -2.4097234891731620e+00, 3.2533542895012202e-01,
          3.0693333635624107e+00, 5.2554170140320773e+00,
          6.3391604276189568e+00, 5.9110975846177087e+00,
          4.3841547193808967e+00, 1.3240953724233566e+00,
          -1.9520805163489119e+00, -4.0122145664130127e+00,
          -2.3414646340914804e+00, 5.1298717959189255e-01,
          3.4707891043235750e+00, 4.0368698828380554e+00,
          1.1207488997546002e+00, -2.0017829914795593e+00,
          -6.2695652197298726e+00, -7.3980611254501860e-01,
          4.7585946412273170e+00, 9.8676682948093113e+00,
          1.4202833392793247e+01, 1.7884179796132607e+01,
          2.0918595506028868e+01, 2.3147694910283047e+01,
          2.3343081238143888e+01, 2.2107426409807740e+01,
          1.8921067812024489e+01, 1.5165103254335044e+01,
          1.1124791302099048e+01, 6.8792917778734575e+00,
          2.1582334369989309e+00, -2.8495336146509751e+00,
          -7.8260492203727923e+00, -1.4227624313604931e+01,
          -1.6324382849013869e+01, -1.7337840901352770e+01,
          -1.7372303162234761e+01, -1.6774299171840074e+01,
          -1.7128083951211163e+01, -1.7918619202242880e+01,
          -1.8178173692402886e+01, -1.7593863646288053e+01,
          -1.5921562626712420e+01, -1.2844893761549638e+01,
          -9.8247674618034271e+00, -6.8157375754403020e+00,
          -3.7988114373750639e+00, -2.8949232878684139e-01,
          9.3755035914956819e-02, 1.4727645609725282e-01,
          -9.5195234698400188e-02, -6.6075204877560223e-01,
          -1.0263261286044967e+01, -1.1174416711894482e+01,
          -1.1415856280667205e+01, -1.0808250475410391e+01,
          -1.0212269690875827e+01, -9.9610146555153065e+00,
          -1.1345300163130871e+01, -1.2068479393371705e+01,
          -1.2125728758046526e+01, -1.1421440545189913e+01,
          -1.0910278145159699e+01, -1.0951680222075714e+01,
          9.1376297941333355e+00, 6.2247542447288975e+00,
          3.9913654223925024e+00, 3.5671171703612075e+00,
          3.6330060304465182e+00, 5.5639693660481351e+00,
          8.4299491296258235e+00, 1.1671867505486809e+01,
          1.4509471244122119e+01, 1.5545946275573788e+01,
          1.4935679581930025e+01, 1.2310647796002922e+01,
          6.2815164310918892e+00, 5.2771024079134650e+00,
          5.9058595914872543e+00, 1.1300391127130185e+01,
          1.2744967827464272e+01, 1.1698638635829607e+01,
          2.1169892883269089e+01, 2.0654093472324508e+01,
          2.0254547800200800e+01, 1.8379603354208779e+01,
          1.3495421571164750e+01, 8.1362115559686341e+00,
          3.0841346827760674e+00, -8.3781207407386238e-01,
          -4.4188824760835566e+00, -6.9590991277144876e-01,
          3.2799097876981560e+00, 8.3449751783295731e+00,
          1.3639851638618834e+01, 1.8333063026033475e+01,
          2.0215519952669343e+01, 2.0447122597186510e+01,
          2.0926407931689202e+01, 1.2914107576743253e-01,
          -1.4569452148323108e+00, -2.8585406387898367e+00,
          -4.3117613125769294e+00, -5.6667659622285003e+00,
          -5.6520762483212978e+00, -4.2377345865963996e+00,
          -2.7401631658109560e+00, -1.3006876780931997e+00,
          3.4808966687352999e-01, -5.0100127764219327e+00,
          -7.8214116870185384e+00, -1.0542342251199390e+01,
          -1.3100910190668110e+01, -6.4882735949735197e+00,
          -7.1637384992428252e+00, -7.7314578374384109e+00,
          -7.0756340078088105e+00, -6.3373992436409159e+00,
          -1.1254265198073303e+00, -9.5243712709911654e-01,
          -9.6972029034213914e-01, -8.8077455286226425e-01,
          -1.1530449521247748e+00, -1.1757997314273245e+00,
          -9.9724531091464474e-01, -8.9472731543457629e-01,
          -7.9665944008575962e-01, -8.9887315668686241e-01,
          -1.0617667138343501e+00, -1.1431848644342075e+00,
          -2.6305495132091350e+00, -4.7512629309764369e+00,
          -6.4315406659173728e+00, -8.4740646630558292e+00,
          -6.2158993708475849e+00, -4.5465253997810171e+00,
          -2.5588478362945772e+00, -3.9871609681952354e+00,
          -5.4259641287073563e+00, -7.0320146614366363e+00,
          -5.5878438017016379e+00, -4.2001181018226514e+00,
          -4.8773444328931799e+00, -7.4901852551109407e+00,
          -4.6445602725430941e+00, -4.1126624522196638e+00,
          -6.0246895680465364e+00, -4.3485172980931557e+00 ]
